10	5	5
5	0	2	1	24	2	19	3	1	4	102	1	2	1	27	2	30	4	1	3	63	2	2	1	13	4	13
5	4	2	1	21	2	30	2	1	3	25	0	2	3	28	4	30	1	1	2	19	3	2	2	79	3	64
5	1	2	0	83	4	73	2	2	0	22	2	24	4	1	1	27	0	1	2	71	3	1	3	95
5	2	2	2	87	3	96	1	1	1	82	4	2	1	81	2	73	0	1	3	49	3	1	2	80
5	4	2	0	21	1	31	0	1	0	37	3	2	3	49	4	42	2	1	4	18	1	1	0	37
5	1	1	0	60	0	2	0	98	2	83	4	1	2	56	3	1	2	26	2	1	3	58
5	4	1	2	27	1	2	0	13	3	15	3	2	0	20	4	18	0	1	4	74	2	2	1	59	4	61
5	1	2	1	75	3	58	0	2	0	82	4	113	2	2	0	89	2	79	3	2	2	47	3	56	4	1	1	96
5	4	1	2	11	0	1	2	85	2	1	1	46	1	1	4	31	3	1	0	43
5	4	2	0	65	1	58	2	1	2	15	1	2	3	29	4	44	3	1	3	75	0	2	0	73	4	47
