30	10	10
10	2	2	1	57	7	43	7	2	8	65	9	45	1	3	3	38	4	42	5	28	5	5	0	56	1	62	5	79	7	62	9	78	9	1	0	70	0	3	0	27	5	30	6	27	6	4	2	11	3	15	5	10	6	13	3	2	0	98	7	100	8	3	0	33	8	34	9	33	4	3	2	92	6	92	8	79
10	4	4	0	67	1	60	2	60	7	66	7	5	0	34	3	39	7	24	8	24	9	27	5	2	0	59	2	75	2	2	2	25	4	34	8	1	4	12	0	4	3	25	5	26	6	24	9	30	3	1	6	39	6	2	0	49	6	58	9	4	0	47	3	46	6	52	7	54	1	5	0	45	1	43	3	57	7	47	9	61
10	6	2	3	73	7	95	1	1	5	24	2	4	1	65	2	67	3	88	9	64	3	2	0	8	1	6	9	4	1	59	2	64	4	63	5	57	0	2	2	7	7	6	4	4	0	48	2	37	7	36	9	40	5	1	1	65	8	4	6	79	7	100	8	81	9	76	7	1	6	16
10	3	4	4	87	6	102	7	84	9	61	1	4	0	22	1	17	2	25	5	23	2	3	2	92	4	70	7	111	4	3	1	92	3	70	7	79	6	1	7	81	7	3	1	59	7	50	9	53	9	3	4	29	5	35	7	35	8	4	1	60	3	55	6	57	8	72	5	3	1	22	4	17	7	22	0	4	1	75	3	70	4	73	7	56
10	4	5	4	45	6	34	7	30	8	37	9	36	6	2	6	9	8	12	9	3	0	11	8	10	9	15	3	2	3	92	9	66	1	4	6	56	7	72	8	70	9	66	7	1	9	26	0	1	0	95	5	5	1	72	3	77	4	84	7	59	9	91	2	2	3	68	7	49	8	3	2	4	3	5	6	6
10	4	5	1	78	2	112	3	84	4	75	9	112	3	4	4	35	6	28	7	35	9	32	6	4	0	35	2	49	4	45	5	44	9	3	3	77	6	90	9	68	0	4	2	11	4	14	5	13	6	15	8	2	0	14	4	18	5	2	5	95	9	111	2	2	2	31	6	41	1	1	2	45	7	4	0	123	3	78	7	78	9	106
10	0	5	0	37	3	35	4	37	6	25	8	28	8	2	2	19	6	18	9	3	2	109	3	74	6	116	4	2	5	15	6	12	6	4	2	74	3	64	6	85	8	91	3	1	0	37	5	2	0	8	6	6	1	4	2	71	4	111	6	98	8	110	2	4	1	22	4	27	5	21	9	28	7	3	0	76	4	84	8	79
10	7	3	4	82	5	80	6	115	2	5	1	86	2	117	3	86	4	109	5	100	3	4	0	42	3	35	5	36	9	32	5	5	0	88	2	75	3	54	4	55	8	65	0	5	0	25	1	24	4	29	6	28	8	29	8	3	1	68	3	83	4	55	9	5	1	67	3	76	5	109	7	95	9	76	1	1	7	34	4	3	2	28	3	35	6	29	6	3	1	55	6	63	8	75
10	2	4	3	15	5	12	7	17	9	16	0	1	2	54	8	2	3	13	8	14	5	2	2	50	7	79	1	1	6	53	3	3	2	43	6	60	9	42	7	2	1	3	4	5	4	5	0	20	3	15	5	18	7	16	9	20	6	5	0	80	2	97	3	100	5	78	9	97	9	5	2	64	3	69	5	60	6	70	7	68
10	7	1	0	61	9	3	3	13	7	16	9	15	3	2	1	90	4	85	4	5	0	21	2	31	4	27	6	24	7	21	0	5	4	9	5	9	6	9	7	6	9	10	1	1	6	59	6	4	2	25	3	25	4	21	5	20	8	2	6	42	7	55	2	2	2	120	3	87	5	4	1	29	3	33	5	21	6	22
10	4	4	1	79	3	101	5	98	7	107	6	1	0	25	0	4	2	63	3	42	7	48	8	58	8	3	2	60	4	59	7	40	3	1	7	51	1	5	2	96	4	79	5	92	6	113	9	72	2	1	9	67	9	2	2	34	6	39	5	3	1	60	5	46	9	50	7	2	1	61	2	39
10	8	5	0	62	2	61	4	72	5	67	7	48	0	5	0	15	2	12	3	13	5	13	6	11	4	4	0	71	2	87	4	79	9	55	9	3	2	43	6	44	7	45	1	5	1	26	5	22	6	27	7	17	9	18	5	3	0	65	2	76	6	65	3	5	1	44	4	38	5	43	7	31	9	41	2	1	8	18	7	4	4	44	5	45	6	36	9	29	6	4	3	50	5	48	6	46	8	52
10	0	2	5	57	6	69	7	3	2	14	4	11	9	18	8	5	0	77	1	81	3	85	5	59	7	77	9	2	4	28	9	27	1	5	3	62	4	79	7	83	8	71	9	80	6	3	5	23	6	20	7	29	4	2	3	42	4	46	5	5	1	37	2	33	4	32	5	26	7	41	3	5	4	10	5	12	6	14	7	12	9	9	2	5	0	46	3	44	6	29	7	37	8	40
10	6	1	3	71	1	4	2	10	3	11	7	7	9	8	7	2	0	12	7	14	5	3	1	30	6	30	7	31	8	3	2	94	6	88	8	85	9	4	0	9	1	14	2	9	4	11	0	5	4	67	6	50	7	63	8	70	9	66	3	5	0	64	1	77	2	53	8	55	9	79	4	2	6	82	8	91	2	2	6	55	9	56
10	0	3	3	39	5	49	7	55	1	5	0	13	1	14	3	12	7	10	8	17	7	1	5	73	5	3	1	52	4	44	9	36	3	1	1	73	4	5	0	42	1	41	3	47	4	54	5	40	2	4	1	98	2	95	5	95	8	67	9	2	8	56	9	45	8	1	3	24	6	5	2	53	3	51	5	42	7	38	8	33
10	0	5	4	25	6	25	7	24	8	23	9	26	9	1	4	101	5	5	0	18	4	12	5	13	6	14	8	19	3	2	0	65	7	76	2	4	0	49	2	59	4	67	5	48	8	1	6	65	4	3	0	41	2	55	7	43	1	3	4	76	5	83	6	77	6	5	0	49	3	65	6	64	8	48	9	62	7	2	2	91	3	60
10	9	2	2	48	3	48	3	5	1	64	2	80	3	67	7	68	8	55	6	5	3	71	4	89	5	63	7	89	9	82	4	1	7	25	7	1	2	6	1	1	8	32	8	1	3	56	5	1	6	83	2	5	0	7	4	7	5	5	6	7	8	6	0	4	1	47	2	30	7	40	8	45
10	1	2	0	34	7	32	3	5	3	84	4	104	5	103	6	91	8	120	7	1	6	72	0	1	1	17	6	2	6	88	8	75	2	3	4	5	7	5	8	7	8	4	0	30	1	37	2	32	7	41	9	5	1	44	2	40	3	40	4	31	6	29	5	1	2	11	4	1	2	95
10	8	2	5	39	8	42	7	5	3	88	4	77	5	62	8	60	9	68	2	3	2	59	3	40	9	54	4	1	7	29	1	1	1	61	9	2	5	44	8	54	5	3	2	6	7	5	9	6	6	5	0	65	3	83	6	84	7	82	8	83	3	3	5	73	8	60	9	86	0	4	1	53	3	46	6	42	7	58
10	1	2	3	67	6	64	3	3	5	77	7	63	9	101	7	3	0	55	3	52	5	52	2	2	1	73	3	74	4	2	0	40	4	36	9	4	2	23	5	32	6	31	7	36	0	5	0	30	2	36	3	42	4	39	7	37	5	2	0	106	8	73	8	3	3	42	5	29	6	48	6	2	1	24	8	27
10	2	5	0	69	5	60	7	52	8	43	9	68	0	5	1	24	2	20	3	32	5	30	6	31	1	2	4	51	9	47	8	3	5	49	6	63	8	48	7	1	1	36	6	5	1	106	2	108	5	89	7	119	9	81	5	2	5	66	7	61	4	3	0	94	2	86	3	91	3	3	2	91	3	81	8	61	9	2	2	109	5	111
10	1	1	4	87	8	1	8	26	5	3	4	26	5	22	7	21	4	5	0	17	3	17	6	17	7	11	8	10	6	4	1	105	6	81	7	104	8	92	2	4	2	89	3	84	5	74	8	75	3	1	9	16	0	1	0	33	7	5	1	13	3	22	4	21	5	17	8	13	9	4	0	37	1	29	2	39	4	45
10	4	1	7	22	6	5	0	70	2	70	6	60	8	72	9	61	7	5	0	26	1	29	4	24	5	29	9	21	0	4	0	21	3	17	6	14	7	15	1	2	0	97	3	63	2	5	0	81	1	62	6	80	7	82	8	57	8	4	3	105	4	92	5	93	6	90	3	5	0	33	2	35	4	42	7	50	8	53	9	5	1	66	2	84	3	99	4	87	6	99	5	4	1	86	4	69	6	89	8	94
10	7	5	1	25	2	33	3	22	4	32	5	24	3	2	2	112	5	71	8	1	8	55	4	2	2	82	6	81	0	2	6	25	9	18	5	3	3	9	5	10	7	8	9	2	2	36	6	41	2	4	0	16	4	15	5	15	8	16	6	2	1	14	5	10	1	4	2	83	3	97	6	113	8	88
10	1	2	7	33	9	29	4	4	1	5	6	7	7	6	8	6	7	1	7	49	6	2	5	89	7	94	2	5	0	66	2	82	4	63	5	58	7	91	3	1	1	16	9	2	0	68	6	79	8	4	2	62	4	54	5	46	9	61	0	5	4	49	5	41	6	49	7	47	9	49	5	4	2	47	5	47	6	39	9	38
10	9	5	0	62	3	53	4	52	6	55	9	61	5	5	0	49	1	47	4	46	6	47	7	37	2	5	1	53	3	61	4	73	5	49	6	80	8	5	3	32	4	34	5	34	6	31	8	31	4	2	0	76	8	116	6	5	3	27	5	30	6	32	7	36	9	30	7	5	0	57	1	67	2	57	3	79	7	81	0	3	0	49	2	40	8	51	1	4	1	24	6	24	8	27	9	25	3	2	1	6	4	5
10	7	1	5	99	0	2	2	20	3	15	6	3	1	96	4	72	8	65	2	1	8	20	8	5	3	90	4	82	6	88	8	69	9	92	9	5	0	26	4	31	5	24	6	25	8	32	1	1	4	53	4	2	1	63	7	68	3	1	2	26	5	5	0	89	1	88	2	66	5	82	8	59
10	3	5	0	63	3	63	5	70	6	80	8	69	8	2	3	120	7	74	9	4	2	3	3	5	4	4	6	6	4	1	4	35	2	1	3	11	5	4	1	103	3	103	5	102	8	98	6	5	1	63	4	75	5	61	6	63	9	61	1	5	1	43	2	33	5	44	6	33	8	44	0	3	1	42	3	61	8	54	7	2	0	116	4	86
10	0	4	0	94	3	88	5	70	8	97	2	1	0	86	8	1	1	30	1	3	0	102	1	100	5	91	7	1	4	30	3	3	3	53	4	79	9	76	5	1	2	51	4	5	0	57	3	65	5	58	6	66	7	49	9	4	1	26	2	16	8	19	9	19	6	1	2	43
10	3	5	1	64	3	85	5	91	6	94	8	61	6	4	1	53	2	61	3	61	7	44	2	1	4	55	1	2	2	10	5	11	0	2	6	88	8	69	5	1	0	20	9	4	0	33	2	32	4	32	6	40	7	3	3	6	6	4	9	4	4	5	0	60	1	82	2	72	7	57	9	59	8	4	3	62	4	69	5	75	6	64
