50	10	10
10	0	1	7	88	4	3	0	49	5	41	9	40	1	1	7	86	3	4	0	46	5	38	7	36	8	56	2	1	0	0	7	5	5	50	6	45	7	44	8	39	9	39	6	5	0	66	2	63	5	55	6	63	7	58	9	2	2	18	3	14	5	2	2	6	4	6	8	1	9	4
10	4	3	1	64	2	69	6	75	3	2	5	19	9	28	2	4	1	64	2	59	4	77	7	56	1	3	1	98	6	97	8	98	0	5	2	47	3	45	4	54	7	42	9	41	6	1	2	15	5	1	6	35	9	4	0	3	3	5	6	3	8	5	7	3	0	6	3	5	9	6	8	2	1	22	4	14
10	0	5	1	30	2	30	3	35	5	34	7	26	1	5	1	22	4	20	5	20	6	19	7	19	3	4	0	37	1	42	3	35	5	53	2	4	0	61	2	59	6	55	8	38	4	4	1	57	3	58	5	49	7	59	8	4	1	77	4	61	5	66	8	70	7	4	2	96	4	81	6	71	9	90	5	3	1	52	5	46	8	56	9	1	1	94	6	3	2	98	3	99	5	97
10	0	2	5	35	9	35	4	1	9	35	1	2	0	76	4	88	3	2	1	30	7	27	2	4	2	37	5	47	6	36	7	32	6	2	0	11	3	11	9	5	2	77	4	73	5	62	7	77	9	53	5	2	2	63	4	53	7	3	2	38	5	34	8	34	8	2	0	72	4	72
10	4	2	0	22	7	25	0	3	3	88	8	100	9	71	3	3	2	61	5	42	6	56	2	2	3	59	9	61	1	1	7	103	9	2	4	1	6	2	7	5	2	56	3	54	6	41	8	34	9	37	5	2	0	116	7	73	6	4	3	25	4	20	7	23	9	31	8	2	2	103	8	100
10	2	1	6	52	3	5	0	79	1	59	2	58	4	85	5	67	1	4	1	3	2	3	5	3	9	3	0	4	0	49	3	42	5	36	8	38	4	4	1	20	3	30	7	20	9	26	9	5	0	62	1	68	5	77	6	63	7	79	6	4	3	75	4	48	5	49	8	63	5	4	1	90	4	92	5	109	9	95	8	5	0	63	2	53	4	55	5	56	7	52	7	1	1	21
10	3	2	0	61	6	59	0	4	0	87	3	81	4	100	6	119	1	2	1	88	7	72	2	3	1	91	4	63	8	83	4	5	0	36	2	35	3	25	4	22	9	21	6	4	0	78	2	90	4	86	8	54	7	3	0	66	3	51	7	49	5	1	2	87	8	1	1	48	9	5	3	79	5	76	6	68	7	74	9	63
10	3	1	6	120	1	2	3	67	7	87	0	4	3	30	4	34	5	31	7	44	2	4	0	58	1	49	2	58	7	51	4	4	2	8	3	6	4	5	8	6	8	5	0	44	1	28	3	39	4	43	5	40	9	5	0	31	1	28	3	23	7	30	8	24	5	5	1	116	5	77	7	74	8	102	9	89	6	2	1	48	8	51	7	3	6	56	7	75	8	54
10	3	3	2	4	6	5	7	5	2	5	0	56	1	47	2	54	5	48	6	43	1	4	0	65	2	71	5	49	6	56	0	1	7	67	4	4	0	31	2	33	6	34	8	30	9	3	0	26	4	19	8	26	8	1	4	72	6	3	5	17	6	19	8	23	5	1	5	33	7	4	3	36	6	30	7	39	8	30
10	0	4	1	99	3	116	6	73	8	79	1	1	2	4	3	1	8	71	2	4	1	52	2	41	6	50	7	53	4	3	1	29	2	39	5	45	7	2	0	118	3	108	5	3	1	2	2	2	8	2	9	3	5	81	7	99	8	63	6	4	0	82	2	66	5	84	6	92	8	4	0	94	1	81	3	107	6	90
10	2	5	2	19	3	19	7	20	8	22	9	21	4	2	4	83	8	76	3	5	0	116	3	116	5	92	8	87	9	100	0	1	0	24	1	2	1	62	5	62	9	4	0	48	5	62	7	66	8	49	8	1	9	100	6	5	2	69	3	90	5	79	6	70	8	73	5	5	4	8	5	8	6	10	7	7	9	7	7	5	2	54	3	52	5	33	7	43	8	40
10	3	3	2	34	6	45	8	35	4	1	1	5	2	1	1	36	0	1	2	42	1	1	7	98	8	2	3	72	9	55	5	1	8	83	9	1	0	5	6	3	0	103	4	89	9	66	7	2	8	56	9	56
10	2	2	1	53	4	45	1	1	0	44	3	4	0	92	3	56	7	57	8	88	4	2	3	101	6	101	0	5	2	31	3	28	4	26	7	22	9	33	7	3	0	40	3	36	9	43	8	3	1	76	8	88	9	123	9	2	3	61	9	75	6	4	0	36	3	28	8	24	9	36	5	2	2	33	4	30
10	1	2	3	2	7	1	0	3	0	17	1	17	5	17	3	4	0	107	2	97	4	74	6	78	2	1	6	31	4	4	1	6	5	5	6	3	8	6	5	4	4	35	6	32	7	31	8	28	7	2	2	24	7	23	6	3	5	46	6	46	7	39	8	1	8	59	9	4	0	30	2	25	6	30	8	28
10	1	4	0	15	2	16	7	17	9	19	0	5	0	67	1	66	2	45	4	54	7	47	3	2	0	93	3	98	2	2	5	107	6	116	4	1	4	44	8	1	0	74	7	5	1	16	3	17	4	16	6	16	9	23	5	1	9	118	6	4	1	36	3	29	5	28	7	34	9	1	9	80
10	4	4	1	73	2	120	6	76	7	94	2	2	2	87	3	86	1	5	0	87	2	66	4	58	5	53	8	52	3	2	2	114	6	96	0	3	3	46	5	47	8	46	6	3	0	97	2	117	3	108	5	5	0	72	1	47	2	64	3	71	8	46	9	1	8	112	8	3	0	70	1	81	3	74	7	3	2	9	6	14	8	12
10	3	4	3	19	5	17	6	15	8	16	2	5	0	18	1	21	2	18	3	17	8	17	1	4	1	64	2	64	6	60	8	86	0	1	7	8	4	2	0	61	4	59	6	4	2	6	5	5	6	6	7	6	5	4	0	61	2	45	5	60	8	45	9	3	0	67	1	55	8	76	8	2	0	52	3	41	7	5	3	69	4	66	5	90	6	104	7	109
10	3	3	0	45	1	55	5	44	4	5	1	108	4	108	5	102	7	84	8	75	2	1	6	24	0	3	1	50	4	44	9	64	1	1	1	14	5	4	0	36	2	43	6	39	9	48	6	1	6	5	7	3	1	17	6	14	7	16	9	1	8	16	8	5	2	25	3	37	4	35	5	28	6	23
10	3	4	2	67	7	53	8	61	9	46	2	3	0	2	1	3	7	3	1	4	2	7	3	10	5	9	7	8	4	3	3	25	4	30	8	20	0	3	2	70	3	75	8	99	8	2	5	98	9	75	6	4	3	24	6	24	7	22	8	23	9	4	0	50	2	75	3	64	5	62	7	5	2	52	4	58	6	40	7	54	8	45	5	4	0	31	5	37	7	30	9	33
10	0	5	0	28	1	22	2	28	4	22	5	20	3	4	0	23	1	26	2	32	3	30	1	5	1	55	2	50	3	54	4	44	7	42	2	5	0	6	1	4	2	6	5	6	9	5	4	4	0	20	2	16	3	15	5	19	7	2	2	36	9	34	9	4	2	37	3	32	5	34	7	24	5	1	4	47	8	2	0	65	8	69	6	3	0	68	2	72	6	95
10	2	2	4	79	7	97	0	3	6	83	7	84	9	102	4	3	2	7	4	8	7	10	1	1	6	34	3	5	2	13	3	15	4	12	8	13	9	14	6	1	5	70	9	2	5	62	8	72	5	2	7	117	8	112	7	5	1	96	3	83	5	66	7	65	9	68	8	5	2	9	3	12	4	9	8	11	9	12
10	4	2	7	100	8	88	3	1	8	39	0	1	1	14	2	2	3	105	8	109	1	5	1	7	2	10	3	12	5	10	7	9	5	2	7	20	9	23	9	5	1	70	3	84	5	59	8	57	9	81	8	2	5	22	7	18	6	3	5	74	6	109	9	105	7	2	1	36	7	28
10	4	2	1	64	3	74	2	1	0	71	3	3	3	67	4	60	5	52	1	3	0	11	1	6	4	10	0	2	0	59	3	58	8	1	2	38	7	3	5	8	6	6	7	6	6	5	2	86	3	108	6	111	8	90	9	113	5	5	0	81	4	66	5	96	8	75	9	95	9	5	0	16	3	24	5	21	6	23	7	21
10	1	1	2	0	3	2	0	49	2	35	0	4	1	50	6	62	8	78	9	61	4	1	7	14	2	1	2	51	7	1	7	10	6	3	2	25	4	19	9	19	8	5	2	26	4	31	5	32	6	25	9	32	9	3	4	88	5	67	7	59	5	3	3	87	5	83	9	91
10	1	5	2	45	5	43	6	62	8	45	9	48	2	3	6	15	7	18	9	19	4	4	0	112	1	79	2	117	7	97	0	4	1	89	3	66	4	93	9	95	3	5	1	17	3	20	5	24	6	21	8	17	5	2	2	2	9	1	6	2	2	36	4	37	8	1	0	45	7	5	2	74	3	102	4	84	6	95	9	107	9	5	1	32	2	33	3	27	5	34	8	27
10	3	4	3	15	4	18	6	12	7	17	4	4	1	0	5	0	6	1	8	1	1	3	0	32	3	30	9	22	0	2	2	54	4	40	2	4	0	112	1	112	3	102	4	92	5	2	1	73	5	61	6	2	3	53	7	65	8	3	0	32	2	40	4	33	7	4	1	23	3	30	6	20	8	25	9	1	6	32
10	0	3	0	87	7	74	8	67	3	4	1	5	3	5	4	4	9	4	2	1	6	15	4	4	1	61	3	62	5	53	8	81	1	2	1	43	2	39	5	1	8	39	7	2	0	57	4	46	9	1	6	104	6	1	0	77	8	1	2	53
10	2	2	2	62	8	66	3	5	4	50	6	47	7	45	8	58	9	45	0	4	2	36	3	39	4	51	9	50	1	5	3	82	4	57	5	82	6	64	7	74	4	1	7	25	5	2	6	49	7	41	6	2	3	26	5	16	7	5	1	24	2	24	5	32	8	22	9	35	8	1	4	99	9	2	1	69	7	71
10	4	1	8	31	2	5	1	68	2	75	5	58	7	59	8	83	1	2	0	7	8	4	3	2	2	55	8	44	0	4	2	3	3	4	4	5	6	5	9	3	0	65	3	67	6	74	5	5	2	23	3	23	4	30	7	25	8	36	7	4	3	95	5	105	6	115	9	84	8	4	1	51	5	77	7	63	9	66	6	1	2	91
10	3	3	1	63	2	65	7	64	4	5	0	75	1	76	3	75	4	78	8	98	1	1	9	42	0	1	2	50	2	1	7	62	5	2	7	70	8	63	8	4	0	93	2	100	8	100	9	96	6	1	5	67	7	3	0	3	7	5	8	5	9	2	2	19	3	20
10	4	1	5	116	0	5	0	50	1	35	3	36	5	56	7	53	1	4	2	57	4	53	5	54	8	66	3	4	0	46	2	34	4	40	5	48	2	1	7	2	6	2	0	14	2	15	5	1	9	43	7	3	2	76	7	71	8	100	8	5	0	96	2	103	3	74	5	87	8	117	9	1	7	31
10	3	2	0	31	7	28	4	4	0	39	2	39	3	34	4	34	2	2	7	20	9	19	1	5	2	45	3	66	6	64	7	55	8	71	0	5	0	97	1	75	2	120	7	110	9	85	9	3	2	59	8	62	9	85	8	5	0	18	3	19	5	13	6	18	7	14	5	5	0	42	1	47	2	52	5	51	7	63	6	4	1	77	3	76	6	76	8	63	7	1	1	106
10	4	1	2	61	2	1	2	71	1	5	0	87	1	118	2	81	5	104	8	84	0	1	2	2	3	1	2	73	5	1	4	8	6	5	3	53	5	46	7	43	8	58	9	41	7	1	6	36	8	2	4	75	8	62	9	4	0	66	5	59	6	74	9	54
10	0	5	0	16	3	19	6	15	7	24	8	21	3	5	2	48	5	80	6	76	7	51	9	50	4	2	1	23	3	20	2	1	1	17	1	2	6	77	7	89	9	2	0	70	4	76	6	4	1	51	2	43	4	36	9	56	5	4	3	20	4	29	8	29	9	29	8	5	3	60	4	51	5	42	6	63	8	66	7	4	0	87	2	89	5	71	8	88
10	4	3	6	44	7	40	9	40	0	3	1	63	2	53	8	60	2	4	3	91	4	72	7	87	8	79	3	1	6	87	1	1	0	113	6	5	1	25	2	34	3	29	5	23	9	21	5	5	0	70	1	95	6	85	7	110	9	89	8	3	1	34	3	34	6	32	7	5	0	37	1	46	3	33	4	47	6	38	9	5	2	109	4	114	7	90	8	103	9	125
10	2	2	1	29	3	32	0	4	2	69	3	73	4	56	9	47	4	4	3	76	6	73	7	62	8	58	1	4	1	53	6	73	7	54	8	76	3	3	1	64	5	81	9	60	9	1	9	51	8	1	6	76	5	2	2	82	6	94	7	1	7	0	6	5	1	44	2	57	3	51	6	54	8	40
10	3	2	4	99	7	96	2	2	3	39	4	36	0	3	3	69	5	63	8	96	4	3	1	47	4	39	6	41	1	2	5	83	6	57	6	4	3	42	6	35	7	44	9	46	5	3	2	108	3	90	5	98	8	4	3	66	4	58	5	65	6	52	7	2	7	61	8	41	9	1	3	31
10	1	5	0	119	2	103	3	76	5	112	8	112	2	2	3	31	6	31	3	1	3	103	0	5	0	62	1	58	2	58	5	68	9	60	4	2	0	29	8	26	5	3	1	79	5	81	9	89	9	4	1	52	6	37	8	57	9	50	6	5	0	22	3	23	4	21	7	15	8	20	8	5	0	4	3	3	4	5	8	4	9	5	7	4	0	71	2	56	5	60	6	78
10	2	4	0	8	3	8	7	10	9	9	0	1	0	104	1	3	3	97	4	89	9	62	4	4	0	91	4	82	5	93	6	70	3	4	5	1	6	0	7	1	9	1	7	1	5	16	9	3	0	35	8	31	9	33	6	1	7	56	5	2	2	36	3	25	8	5	2	68	4	65	6	43	7	48	8	62
10	4	4	4	20	6	24	7	30	8	29	2	1	4	85	1	4	5	99	6	83	7	103	9	100	3	5	0	41	3	47	5	52	6	55	7	60	0	4	1	38	4	37	7	29	9	25	9	5	0	27	2	44	5	39	6	32	8	45	7	4	3	96	7	61	8	78	9	90	6	2	1	40	3	57	8	5	0	31	1	24	4	19	5	22	6	18	5	5	0	60	2	54	4	57	5	83	9	84
10	3	3	0	60	2	44	6	52	4	5	1	52	2	57	5	41	7	60	8	53	1	4	1	42	2	54	3	60	8	40	2	2	0	5	2	7	0	3	2	90	3	54	9	66	6	1	0	72	7	2	2	21	9	22	9	3	2	34	4	47	8	50	5	5	0	65	2	58	3	63	6	53	7	68	8	5	0	36	1	35	2	48	3	47	6	50
10	0	2	3	61	7	57	1	1	6	69	2	2	4	1	5	1	4	2	3	55	5	69	3	3	3	59	6	54	9	62	6	1	1	32	5	4	0	58	3	55	4	67	5	58	7	3	1	75	3	60	5	75	8	1	1	25	9	3	4	78	5	68	7	56
10	2	4	1	93	4	94	8	75	9	84	1	4	1	93	2	99	6	97	9	99	0	4	1	40	3	40	8	45	9	40	4	3	4	22	6	27	7	35	3	4	2	5	3	5	6	5	9	3	7	1	6	39	9	3	0	47	2	51	3	53	5	4	2	40	3	27	6	34	7	40	6	1	1	73	8	2	1	68	6	73
10	4	3	0	2	8	2	9	2	0	4	0	77	1	57	2	62	7	83	2	4	1	24	4	21	6	19	8	19	1	3	0	46	1	43	5	47	3	3	0	56	8	54	9	49	5	3	2	68	4	78	6	75	9	1	1	3	7	3	0	22	1	25	7	17	6	1	1	10	8	1	8	55
10	2	5	1	45	4	35	6	43	8	53	9	39	0	5	0	1	3	1	5	1	6	0	7	1	3	1	2	65	1	2	8	50	9	48	4	4	3	3	5	5	6	4	9	4	6	5	0	38	1	37	2	35	3	27	7	27	9	3	0	88	5	69	6	62	8	4	1	67	5	65	6	61	9	49	5	1	5	56	7	3	0	33	1	46	5	35
10	2	2	3	22	8	19	4	4	2	6	6	5	7	6	9	5	3	3	2	26	4	30	8	34	1	5	1	74	2	55	4	79	7	89	8	87	0	1	2	43	5	3	0	89	1	63	8	59	8	5	3	9	6	10	7	7	8	11	9	8	9	1	8	26	6	2	2	101	9	84	7	2	5	111	7	104
10	4	1	7	26	0	3	0	69	6	60	7	48	3	1	2	62	1	3	0	53	6	47	8	39	2	4	1	24	3	19	4	28	8	28	5	4	2	59	3	65	4	61	9	46	8	1	8	13	7	3	1	39	4	31	5	35	6	2	0	105	4	96	9	5	0	32	2	39	3	43	4	46	5	33
10	2	3	0	4	2	5	9	3	1	5	0	45	2	50	6	59	7	63	8	54	4	2	3	52	5	69	3	1	5	80	0	2	1	5	6	4	6	3	1	33	2	36	3	32	8	1	9	0	7	2	3	111	7	76	9	1	3	16	5	3	1	69	5	76	6	106
10	1	4	2	113	3	99	5	100	6	116	2	5	0	87	1	96	4	72	7	58	9	58	3	3	0	67	5	70	6	62	4	2	2	43	3	61	0	1	7	106	7	5	2	18	3	26	7	24	8	17	9	19	6	2	3	78	5	59	5	2	4	37	6	22	8	5	3	44	5	34	6	43	8	38	9	42	9	2	5	21	9	18
10	4	3	0	56	1	56	2	67	2	1	4	40	3	4	4	13	6	12	8	15	9	14	0	4	4	85	5	72	6	71	8	85	1	4	0	75	2	49	3	55	8	77	7	5	1	42	4	39	5	43	7	32	8	33	8	1	6	72	6	5	0	25	2	25	3	35	4	27	5	32	9	4	0	47	2	45	8	36	9	35	5	4	0	72	1	97	8	75	9	72
