15	10	10
10	7	4	2	6	3	10	6	8	9	10	9	4	1	69	4	82	5	68	8	60	0	3	1	71	5	59	9	64	6	3	0	69	3	87	5	73	4	1	4	32	8	5	1	38	4	34	5	35	6	48	9	42	2	3	0	38	2	29	3	44	5	2	7	117	8	85	1	2	2	20	7	24	3	1	0	14
10	6	3	5	21	8	15	9	23	8	3	2	85	5	68	6	74	3	4	4	47	6	50	7	52	9	51	0	4	2	28	4	17	5	23	9	20	1	1	0	64	4	3	1	39	6	43	9	47	5	1	5	13	9	3	3	29	5	24	6	28	2	1	5	74	7	3	4	10	7	10	8	9
10	1	2	4	46	9	51	3	1	1	76	5	1	3	100	4	5	2	8	3	5	4	6	6	5	7	6	0	3	0	51	1	41	3	62	2	3	0	72	3	48	8	75	6	3	2	70	5	48	7	62	8	3	0	89	3	72	5	75	9	5	2	45	3	37	5	34	6	52	7	43	7	2	1	52	4	44
10	1	3	1	76	3	60	5	64	7	2	2	46	3	39	4	3	1	78	2	112	6	117	6	5	1	69	4	45	7	67	8	63	9	65	5	5	0	62	2	73	4	64	6	66	7	72	0	5	0	78	1	99	2	83	3	99	4	112	8	4	1	10	4	10	5	9	9	13	3	2	0	99	5	79	9	1	0	11	2	4	2	84	3	85	4	64	7	58
10	7	4	0	98	1	77	7	70	9	74	2	4	0	36	2	31	4	26	8	38	8	5	0	39	1	44	4	48	7	31	8	33	5	1	4	6	1	5	2	58	5	79	6	79	8	59	9	83	6	3	0	63	2	75	8	77	3	5	1	11	2	11	4	11	7	9	9	10	0	1	3	46	9	2	0	58	3	86	4	4	2	32	4	28	5	33	9	32
10	8	5	0	48	1	59	4	55	5	69	7	61	0	1	7	61	4	5	0	61	1	58	2	51	3	48	4	65	5	4	2	71	3	64	4	70	5	64	9	2	5	64	9	53	1	1	3	56	7	2	1	115	9	80	6	4	2	43	3	52	5	50	7	54	3	4	1	31	3	22	8	20	9	28	2	3	2	8	7	8	8	6
10	6	4	0	55	6	79	7	88	9	72	2	3	0	88	3	71	7	113	8	1	7	75	1	5	0	107	1	102	2	89	5	70	7	90	9	3	6	77	7	107	8	82	4	5	0	6	3	6	4	9	5	6	8	6	7	1	3	47	0	1	1	91	5	1	0	42	3	3	3	13	5	14	8	15
10	8	2	1	69	9	76	7	5	2	79	3	104	6	103	8	72	9	72	5	1	8	115	3	4	3	29	4	31	6	33	9	24	2	4	1	86	2	103	3	91	7	80	4	2	6	40	9	45	9	5	0	81	2	70	5	55	8	89	9	71	1	1	0	10	0	5	1	72	2	71	3	78	5	88	6	66	6	1	1	56
10	4	3	4	36	8	29	9	38	0	4	4	43	5	48	6	37	9	32	9	1	6	58	5	5	0	31	1	22	2	30	4	18	7	27	7	5	0	36	3	35	6	46	7	40	9	54	3	3	5	58	6	49	7	42	2	2	6	74	7	71	8	4	0	16	2	19	6	22	7	19	6	4	3	33	5	30	7	37	8	36	1	4	0	79	2	71	3	92	8	70
10	9	1	6	69	0	1	4	4	3	2	2	38	9	47	8	3	1	64	4	45	7	60	1	5	1	100	2	88	3	98	7	101	9	108	6	4	0	15	2	17	3	15	8	19	2	4	3	73	7	56	8	55	9	54	5	5	0	28	1	22	4	29	6	19	7	25	4	4	0	51	6	63	7	58	8	55	7	2	3	61	5	54
10	7	1	4	113	3	2	0	73	3	91	4	4	1	37	2	27	3	24	5	41	5	1	1	20	2	2	2	17	6	18	6	1	2	37	0	2	1	22	5	23	9	2	3	31	5	41	1	1	8	37	8	4	4	10	5	8	7	10	8	8
10	0	5	1	51	2	66	3	72	6	78	8	85	3	5	2	66	3	53	5	59	8	71	9	63	2	5	2	95	3	65	4	78	6	57	9	80	7	3	0	10	5	11	6	11	8	1	1	48	5	5	1	11	2	18	5	12	8	15	9	14	9	4	1	59	6	80	7	64	9	74	1	1	5	14	6	4	1	93	6	106	8	93	9	110	4	2	2	13	5	22
10	9	4	4	70	7	90	8	71	9	81	1	4	5	51	6	47	7	69	9	51	3	2	2	51	9	47	6	1	3	84	2	4	0	38	3	36	4	40	6	36	8	2	4	86	9	87	7	5	2	84	3	66	4	55	6	62	7	77	0	3	5	90	6	80	7	79	5	1	3	101	4	5	1	59	2	53	4	41	7	56	9	40
10	4	2	0	10	9	8	2	3	0	108	8	107	9	83	5	4	1	18	4	17	5	24	8	27	6	3	2	53	3	41	7	36	8	1	1	34	7	2	2	64	9	54	3	3	3	4	4	6	5	5	1	4	3	18	6	21	7	28	9	21	0	5	2	93	3	115	5	91	6	100	8	74	9	1	0	31
10	2	5	2	22	4	28	5	29	8	22	9	23	5	1	2	36	9	3	1	56	2	56	4	49	8	2	3	48	5	47	0	2	2	35	8	42	6	3	0	78	4	89	6	87	3	1	0	83	7	2	1	7	4	6	1	3	0	30	5	28	6	29	4	3	5	55	6	60	8	38
