15	15	15
15	9	5	3	51	4	59	6	48	8	68	12	80	10	1	13	35	4	4	1	64	6	56	10	63	12	57	12	2	11	29	13	25	2	2	5	48	6	49	14	2	9	70	10	66	5	5	5	57	6	77	7	91	8	56	12	55	8	3	0	30	4	34	8	32	6	2	5	11	10	15	3	2	7	99	8	60	1	1	8	34	7	2	1	56	14	72	13	1	2	30	11	4	1	51	2	49	5	49	12	61	0	5	4	32	7	26	8	25	11	28	12	31
15	0	4	0	61	5	60	6	48	11	49	1	1	12	39	11	2	1	90	3	68	2	2	11	41	13	35	4	4	4	4	5	7	8	6	12	6	9	5	1	46	6	44	7	57	12	48	14	63	14	4	2	55	6	59	11	81	13	84	8	5	0	7	3	5	8	8	9	6	13	5	13	3	4	67	7	101	11	70	12	1	14	21	6	4	0	28	6	18	7	21	9	28	3	3	1	11	6	10	12	10	10	4	0	39	7	34	10	31	13	48	5	5	5	43	6	61	8	50	12	39	13	53	7	5	0	85	1	81	4	74	7	77	13	66
15	14	2	4	54	7	71	3	4	4	76	10	81	11	88	13	64	1	3	6	27	8	22	12	27	12	3	4	68	6	62	12	59	6	2	7	106	14	78	5	3	5	23	9	22	11	19	8	1	11	73	11	2	10	74	11	78	7	3	0	42	2	56	9	42	10	5	2	82	6	90	7	93	8	96	12	93	2	3	2	104	7	85	14	87	13	2	6	80	8	75	0	1	5	72	9	1	3	33	4	1	2	88
15	1	5	2	15	5	10	7	14	10	12	12	13	6	3	0	45	6	39	13	51	7	3	2	27	13	41	14	37	4	1	1	12	14	1	0	86	10	3	1	98	6	93	7	77	9	3	4	102	11	80	12	98	5	2	5	13	13	12	11	2	0	38	5	32	2	2	0	23	2	27	13	3	8	14	10	15	12	13	8	5	2	26	6	27	7	25	10	30	11	21	3	3	3	5	11	6	14	4	12	2	5	119	8	114	0	3	3	41	6	48	11	42
15	12	5	3	114	6	84	7	72	8	84	13	104	5	1	7	5	9	5	2	81	5	99	6	99	10	119	14	106	4	3	0	14	4	12	11	14	14	4	4	79	5	69	8	59	11	76	13	3	0	45	3	38	4	51	0	5	0	26	2	30	3	36	4	34	6	36	8	5	0	25	1	20	2	23	5	23	9	16	11	3	0	52	5	40	10	34	1	4	0	104	4	117	12	87	14	77	2	4	2	18	3	21	6	24	14	27	7	4	0	68	4	91	9	96	12	92	6	1	6	86	10	5	1	25	4	25	6	19	7	26	12	25	3	2	5	28	7	37
15	1	5	7	71	9	80	11	84	12	56	13	76	5	5	3	86	8	67	9	101	10	91	14	85	2	2	0	82	7	113	13	3	5	10	11	9	12	12	4	3	2	53	5	35	10	35	14	1	13	75	6	2	4	73	5	76	7	3	6	11	12	15	13	14	9	4	0	55	6	61	7	74	9	52	10	5	1	17	4	20	5	21	9	20	11	12	11	5	1	77	6	68	8	76	11	83	12	80	0	4	2	33	9	38	11	41	13	37	3	4	3	53	5	77	12	70	13	80	12	2	7	6	14	3	8	2	3	46	8	39
15	9	4	0	17	7	18	8	11	9	16	7	3	1	79	8	71	13	89	6	4	0	25	8	15	9	18	14	22	14	2	3	46	7	49	3	5	1	83	10	73	11	74	13	74	14	72	13	5	0	55	2	45	7	39	8	48	14	55	2	5	1	93	2	75	6	105	8	78	10	102	4	4	3	20	12	20	13	20	14	26	12	2	3	67	13	67	8	3	1	40	4	54	7	54	1	2	4	74	7	73	10	2	0	46	11	57	0	1	7	9	5	5	2	25	6	24	9	21	10	32	14	23	11	2	6	120	11	82
15	3	3	7	41	9	62	14	48	7	1	4	24	4	2	2	14	8	11	8	1	7	39	5	1	13	44	2	2	10	52	11	61	14	1	12	60	12	2	5	29	14	36	11	4	0	44	9	58	11	41	13	39	0	2	8	96	13	92	13	2	1	58	13	47	10	1	11	71	1	5	4	23	5	26	6	23	9	20	13	28	6	4	0	27	6	20	11	24	12	23	9	3	0	87	1	90	10	77
15	3	4	1	14	8	11	10	11	13	10	8	2	2	56	14	66	6	2	0	30	8	27	9	5	1	24	3	25	5	28	6	23	14	19	14	1	14	27	1	2	8	98	11	79	5	2	8	34	9	32	4	3	4	44	12	35	14	44	13	5	1	59	5	55	9	74	11	53	13	49	7	1	13	13	11	4	0	11	6	8	10	9	12	11	12	3	3	55	4	87	5	55	10	5	3	67	6	44	7	65	11	53	14	44	2	2	3	39	7	29	0	1	12	51
15	0	3	6	105	10	70	14	89	5	2	2	9	13	13	7	1	0	67	4	3	2	50	9	53	11	49	10	1	5	53	12	5	1	77	2	74	8	77	9	103	10	74	1	2	7	59	14	83	13	5	0	30	1	19	4	21	11	22	14	28	6	2	5	11	11	10	8	4	2	77	6	78	9	79	12	85	11	4	4	45	5	48	9	51	13	33	9	3	1	38	2	51	3	40	2	4	2	16	3	12	6	11	12	14	14	3	4	55	9	51	11	73	3	5	6	102	8	86	11	80	13	98	14	111
15	2	1	11	45	0	1	2	24	6	1	11	50	4	2	3	36	5	52	3	2	2	82	7	76	5	5	1	14	3	19	5	12	9	19	10	17	12	3	1	5	5	7	11	6	9	5	5	109	6	116	7	111	8	90	9	89	14	5	1	73	3	84	4	78	7	101	8	112	13	1	6	55	8	5	1	47	5	61	7	57	13	63	14	65	7	1	11	56	11	5	1	26	2	40	3	25	6	26	9	32	10	3	2	30	8	32	10	48	1	4	3	73	10	89	13	88	14	90
15	10	4	0	93	1	69	5	100	11	115	14	4	2	44	4	32	7	29	13	27	4	2	5	18	13	24	9	1	12	8	3	5	0	39	1	55	5	38	6	36	10	52	1	5	1	83	6	76	9	96	11	62	13	84	12	1	11	86	13	4	4	41	5	29	6	39	9	32	6	4	4	28	7	26	9	27	12	33	8	2	6	92	14	108	11	5	1	86	10	81	11	95	13	94	14	69	7	2	4	7	10	8	5	2	12	47	14	67	2	4	3	6	6	4	8	5	10	4	0	3	2	33	8	27	9	23
15	0	4	3	60	6	60	10	41	11	57	13	1	1	63	3	4	5	90	8	74	9	65	13	72	6	5	2	72	5	87	10	101	11	93	12	95	1	1	7	66	14	4	0	108	1	114	5	105	10	92	11	3	6	77	7	65	13	67	4	4	1	33	5	25	7	28	14	31	10	2	0	27	7	27	9	3	0	55	4	62	5	44	5	5	3	7	6	5	8	6	10	8	11	7	8	2	12	29	13	33	7	4	6	89	7	71	8	75	14	80	2	1	9	56	12	2	1	64	4	80
15	10	3	4	105	6	77	14	100	12	1	6	36	13	1	11	47	4	5	5	30	6	28	8	21	10	29	11	31	1	3	0	35	5	28	8	35	3	3	2	47	6	46	7	36	8	3	5	68	6	62	8	91	5	3	1	34	5	25	7	32	9	1	5	72	0	2	11	38	14	35	6	2	5	53	13	42	7	5	5	53	6	53	11	64	12	43	13	72	2	4	8	54	9	34	12	43	14	40	14	4	5	74	10	93	13	103	14	74	11	1	1	73
15	1	5	0	74	2	66	4	84	6	72	11	78	10	3	8	15	11	16	12	18	6	4	5	107	7	102	9	110	10	73	12	3	0	63	6	82	13	83	4	3	2	15	11	14	14	10	8	1	0	20	3	3	9	20	10	25	14	23	7	5	0	15	8	20	9	20	11	22	13	18	13	1	5	34	11	4	0	89	1	83	10	105	11	83	5	3	9	21	10	29	13	31	9	3	0	33	4	38	13	27	2	5	3	107	5	82	7	114	8	72	9	105	14	1	5	71	0	1	4	48
