15	15	15
15	1	3	0	22	1	22	5	30	12	1	8	72	0	2	3	68	7	70	6	4	0	76	10	71	12	71	13	60	14	1	11	11	8	1	9	43	4	4	1	35	6	24	10	22	11	35	3	3	1	21	3	14	13	19	10	1	10	23	11	5	0	68	1	63	4	77	6	87	10	96	5	4	3	97	4	105	6	119	13	90	13	1	11	43	2	5	0	39	1	45	5	39	8	35	10	41	7	1	0	10	9	1	6	88
15	14	5	2	31	4	45	8	36	13	43	14	36	0	3	1	33	6	44	12	46	4	1	5	61	12	1	13	34	1	4	0	21	4	16	5	16	9	21	8	4	4	110	5	85	8	91	13	74	9	4	0	78	3	89	5	98	8	67	5	1	2	20	10	5	1	8	3	7	4	6	6	6	13	6	6	3	2	44	3	58	11	37	11	3	5	60	8	60	10	50	3	5	2	80	3	84	5	80	8	68	14	60	2	2	8	11	12	11	7	1	4	73	13	2	6	76	12	77
15	3	5	4	98	6	96	8	86	13	113	14	77	4	1	9	114	12	4	1	32	4	35	8	33	14	35	6	2	1	65	9	67	7	3	0	41	7	50	12	48	14	3	0	5	12	7	14	6	13	2	1	13	12	11	8	5	1	13	2	10	4	13	10	13	13	8	11	3	2	63	3	71	11	77	10	1	2	37	0	2	6	97	9	94	1	5	0	68	2	83	8	51	10	52	11	78	9	3	1	9	5	12	13	9	5	4	4	71	7	84	11	59	12	66	2	2	7	67	13	73
15	14	5	1	51	5	63	8	75	10	50	14	57	11	1	8	34	4	4	1	60	3	36	7	46	13	49	1	1	3	74	8	3	1	28	6	28	12	24	0	2	11	37	13	33	9	1	13	83	7	1	1	8	12	2	7	110	9	122	13	4	2	75	8	53	13	60	14	69	5	2	5	69	10	60	6	2	1	54	6	80	2	5	1	67	3	81	6	79	8	103	13	94	3	4	0	30	2	36	3	48	14	43	10	4	7	72	9	61	13	48	14	47
15	2	4	2	69	3	72	9	105	11	95	0	2	0	91	9	81	9	4	2	113	5	93	9	113	13	118	3	3	2	15	7	20	13	14	10	2	1	63	11	57	13	4	4	28	5	28	11	25	13	36	11	2	10	8	12	8	14	1	2	89	7	1	3	48	5	2	4	37	11	43	4	1	4	6	8	1	10	64	1	4	2	78	7	103	11	85	12	107	12	1	2	110	6	4	2	82	5	85	7	79	12	75
15	11	1	10	31	6	4	4	99	9	89	11	63	14	89	4	3	3	32	6	38	11	41	3	1	11	57	14	1	5	90	5	2	0	61	7	83	10	5	0	37	3	36	4	27	8	33	11	40	9	4	4	19	5	25	8	28	10	19	1	4	2	55	7	52	9	50	14	59	8	4	1	46	7	40	9	61	12	55	7	3	0	59	6	65	7	67	2	3	6	82	10	97	14	90	13	5	1	15	4	19	7	25	8	25	11	19	12	2	3	57	12	35	0	5	0	33	1	30	4	33	8	28	13	38
15	14	2	8	14	13	16	7	4	0	66	4	68	10	66	11	71	10	3	1	19	8	23	10	25	13	3	5	97	9	110	12	106	3	5	1	48	2	57	11	56	12	54	14	61	0	1	2	4	11	3	4	44	8	37	13	36	12	4	1	19	5	21	11	16	12	17	9	5	5	67	6	44	8	54	9	43	13	69	5	5	0	26	3	28	4	21	6	19	7	20	8	5	0	41	3	65	4	44	7	53	11	60	1	5	2	91	3	76	9	75	10	92	14	90	2	4	9	81	11	71	13	58	14	76	6	5	5	22	6	19	9	25	10	20	11	18	4	4	8	60	9	43	10	44	14	48
15	7	2	7	85	14	90	14	5	3	87	4	54	5	69	10	84	13	78	5	3	1	42	6	28	8	34	11	1	7	95	4	3	1	84	10	63	11	85	6	1	7	15	3	5	7	7	11	8	12	11	13	8	14	6	0	5	1	27	2	24	6	26	10	24	12	34	8	3	1	74	4	72	8	50	10	5	4	14	5	16	6	14	7	17	14	21	12	3	5	8	6	7	13	7	13	2	4	56	5	53	1	2	8	30	10	30	2	4	1	106	4	79	11	105	14	88	9	5	3	11	7	18	8	15	10	16	13	16
15	13	2	1	5	6	4	8	3	4	64	5	85	9	71	2	5	0	50	3	46	7	33	8	33	12	36	9	2	0	61	6	95	12	1	13	112	11	4	0	23	2	27	7	20	12	19	5	4	1	84	3	95	4	98	10	76	10	5	0	115	4	73	7	74	9	82	12	76	6	1	7	71	7	1	1	55	0	3	8	69	11	81	13	66	1	2	9	48	10	60	3	5	0	63	1	61	2	50	6	51	8	45	4	5	3	47	4	38	5	56	10	49	13	61	14	3	3	20	5	22	11	26
15	1	3	4	45	6	52	13	44	6	2	1	21	6	31	5	4	4	38	6	42	10	35	14	35	11	5	4	57	8	78	9	64	10	78	13	72	4	1	8	50	0	2	6	12	8	7	14	3	2	51	4	48	9	49	8	3	0	60	5	74	7	72	10	4	3	38	7	43	10	55	12	43	7	4	3	27	6	22	10	23	13	24	12	3	2	6	7	8	8	8	2	4	1	89	3	76	5	55	8	64	13	1	14	60	9	4	1	26	3	36	7	23	8	32	3	4	4	38	7	30	10	42	12	42
15	10	1	1	26	4	2	2	99	11	107	12	1	4	73	0	1	2	7	9	1	6	18	1	2	4	5	5	4	11	1	5	34	6	4	0	39	2	42	7	31	12	35	5	1	13	11	8	3	7	43	9	52	12	43	3	4	1	18	4	22	10	16	14	22	7	4	1	4	3	6	7	4	9	6	14	4	1	10	7	7	9	11	14	6	2	5	0	25	2	19	3	19	10	17	11	25	13	4	0	34	6	22	10	29	12	28
15	5	3	3	74	5	64	13	61	14	3	3	58	7	61	13	52	2	2	2	43	6	42	3	5	0	18	2	23	6	18	7	16	12	25	13	2	2	19	10	24	6	3	2	55	6	56	8	56	1	4	0	7	5	10	8	8	14	9	7	3	1	89	8	71	11	77	4	3	3	85	7	90	10	94	8	3	1	20	4	18	11	16	12	3	4	8	7	6	13	11	11	2	8	85	13	70	10	3	2	76	10	74	14	74	9	5	0	96	3	105	7	80	12	99	14	91	0	4	2	44	3	61	4	46	11	52
15	9	2	10	91	11	72	14	5	1	47	6	56	9	67	10	56	12	53	3	5	1	45	4	37	5	40	6	34	13	36	8	2	1	54	10	75	2	4	2	47	5	47	10	41	11	37	6	3	4	44	5	38	6	40	1	5	6	28	8	34	9	24	12	34	14	28	4	3	1	33	2	25	12	30	5	2	0	30	1	25	0	2	12	16	14	24	13	4	5	62	8	79	12	66	14	63	10	4	0	84	7	85	8	92	14	76	12	5	1	92	3	111	7	102	8	89	14	111	11	3	6	59	13	70	14	49	7	3	3	25	6	15	8	25
15	10	1	9	14	3	5	2	20	3	23	6	24	7	18	12	27	4	4	0	93	1	91	8	109	14	108	5	4	0	18	2	16	4	16	5	17	11	5	2	54	6	60	7	75	10	47	12	50	1	5	1	35	6	43	11	38	12	38	13	41	8	1	1	120	2	5	7	66	8	66	9	73	13	69	14	71	13	3	0	98	4	76	8	96	0	2	5	69	7	76	7	3	4	44	5	54	6	55	12	2	1	42	8	54	6	5	1	75	2	85	8	61	11	92	14	87	14	5	1	20	2	18	4	26	7	17	8	20	9	5	1	38	6	33	8	47	11	30	14	30
15	3	4	1	10	5	8	11	7	13	6	5	4	2	18	7	21	12	18	14	13	11	2	9	44	10	47	7	5	1	113	3	72	8	69	11	111	13	86	14	4	3	29	5	20	8	21	9	27	9	1	3	59	6	2	5	6	13	7	10	3	3	109	5	108	6	83	0	5	1	82	2	82	10	106	12	96	14	77	1	4	3	8	6	5	12	5	14	6	2	3	1	49	10	39	14	48	8	4	3	23	4	36	10	22	11	35	13	1	2	27	12	4	0	71	8	71	10	83	12	93	4	2	1	50	9	66
