10	10	10
10	6	2	2	11	5	9	1	5	0	77	1	62	5	95	7	87	9	75	4	4	0	41	1	46	3	48	9	68	2	2	0	50	4	34	8	2	5	38	6	31	3	2	2	46	3	37	0	2	3	6	5	4	5	4	3	22	4	16	8	21	9	18	9	4	0	67	1	91	5	64	9	101	7	4	1	46	4	46	5	35	9	40
10	7	1	2	24	2	2	2	54	7	87	9	4	2	61	4	64	5	78	7	71	4	4	2	66	3	62	5	58	9	50	1	2	1	47	2	51	5	2	1	74	4	74	8	5	2	29	3	23	5	29	6	27	7	30	0	4	1	67	3	93	4	70	5	64	3	2	0	52	9	58	6	1	2	18
10	2	3	1	74	7	86	9	84	5	2	0	39	8	34	0	2	2	32	8	44	3	4	0	23	3	28	6	30	9	23	1	2	3	37	9	33	6	5	3	94	5	79	6	103	8	64	9	67	4	5	1	69	2	90	3	80	5	77	9	67	8	1	7	23	7	4	0	80	1	78	2	76	6	82	9	4	1	26	4	36	5	29	6	21
10	4	5	3	78	4	95	6	65	7	63	8	74	6	1	3	61	7	2	4	44	7	50	0	3	5	10	8	7	9	8	2	2	3	27	9	37	5	1	7	55	3	4	2	45	4	44	6	28	9	41	1	4	0	99	1	76	4	91	8	64	9	2	1	46	4	50	8	4	0	120	1	100	4	100	9	100
10	0	4	0	109	1	98	3	92	6	72	6	1	9	38	4	4	4	73	5	73	8	92	9	104	1	1	5	20	2	2	1	82	9	76	3	1	6	62	9	2	2	50	4	48	8	3	2	80	5	70	7	62	5	1	4	57	7	2	0	5	6	6
10	2	4	0	9	3	7	5	6	6	10	6	4	1	6	3	10	6	7	7	7	3	4	0	52	3	53	7	62	8	55	5	5	2	57	3	60	4	87	5	71	8	65	1	5	2	22	4	22	5	23	6	24	8	23	8	2	3	97	9	116	0	4	1	51	3	44	8	36	9	44	9	5	3	7	4	7	5	12	6	12	7	8	4	3	1	60	7	53	9	49	7	4	1	33	5	33	6	40	9	40
10	4	2	2	85	8	68	3	2	1	90	8	75	1	2	4	113	5	107	5	2	3	102	7	96	6	4	1	96	4	103	6	103	8	122	7	3	3	25	5	22	6	27	8	3	0	87	3	64	4	100	9	2	2	111	5	98	0	5	0	33	2	31	4	23	6	31	7	28	2	5	2	69	3	85	7	63	8	90	9	88
10	1	2	4	74	7	110	7	5	0	72	3	94	5	87	7	86	9	114	3	4	0	84	1	89	5	75	8	86	4	3	5	60	7	47	8	62	6	5	1	83	2	86	5	73	6	73	9	66	9	4	0	32	2	30	3	28	8	39	8	5	0	38	1	33	2	47	4	41	5	43	0	5	1	44	4	50	6	55	7	65	9	67	2	2	0	40	9	33	5	5	2	52	5	51	6	68	8	46	9	47
10	3	5	2	49	3	67	5	68	8	71	9	49	8	3	1	43	7	48	9	35	0	3	0	90	4	69	7	72	2	4	0	10	4	14	6	10	8	10	1	1	4	6	5	5	1	17	2	19	5	22	7	20	8	19	4	5	0	81	2	96	4	84	5	91	6	104	9	4	0	46	4	49	6	58	9	55	7	4	1	55	4	86	5	58	7	59	6	3	0	31	4	31	5	21
10	0	4	2	25	3	19	4	17	5	21	2	5	0	47	3	56	6	48	7	74	8	46	3	2	6	68	7	61	5	5	2	24	5	19	7	30	8	31	9	19	6	2	0	76	3	95	9	1	8	60	8	2	6	53	9	51	4	5	1	91	2	108	3	98	4	115	9	90	7	1	6	40	1	5	2	105	3	99	5	81	6	98	9	75
