30	10	10
10	4	3	0	16	6	26	9	15	7	2	8	31	9	21	9	5	1	17	2	15	6	17	8	13	9	12	2	3	2	32	6	38	7	28	3	4	1	49	3	57	6	48	7	42	8	1	3	65	5	1	4	103	6	3	1	84	6	87	7	81	1	5	0	22	3	17	4	16	6	15	7	19	0	1	0	60
10	8	4	1	61	2	69	4	70	9	86	5	4	0	114	5	82	6	116	8	85	1	5	1	44	2	32	4	43	5	52	7	38	7	5	0	68	3	57	4	55	5	50	8	66	2	4	1	38	2	38	3	24	7	26	3	2	2	29	5	31	6	4	0	80	1	73	3	77	5	92	9	3	2	59	3	84	7	87	4	4	1	48	2	43	4	41	6	67	0	4	1	11	4	11	6	14	9	9
10	2	4	2	65	6	58	7	75	8	60	4	2	0	109	9	84	3	3	2	26	6	32	9	30	1	5	0	22	1	21	2	21	4	21	7	20	8	2	2	48	4	52	6	2	0	62	9	41	7	5	1	39	2	51	4	36	6	44	8	35	0	2	7	85	9	100	9	4	0	78	2	63	5	63	7	78	5	5	0	29	2	40	4	32	7	35	9	35
10	0	5	1	80	3	103	5	89	7	92	9	77	8	2	0	23	8	24	3	3	4	57	8	56	9	57	7	2	6	30	8	40	5	5	0	62	2	60	4	83	5	74	7	67	2	2	3	101	5	87	4	2	6	68	9	70	6	5	0	45	2	37	3	33	7	45	9	50	1	4	2	69	4	108	7	79	9	108	9	1	8	69
10	9	4	0	75	2	75	8	76	9	64	0	2	4	46	8	36	4	1	4	82	8	4	3	66	5	61	6	61	9	95	6	3	4	79	5	90	7	80	2	4	4	86	5	84	6	86	8	101	5	5	1	24	2	24	3	24	7	31	8	22	3	4	2	15	3	15	7	19	9	16	7	4	1	43	4	48	8	38	9	49	1	4	0	46	2	41	4	53	6	57
10	3	5	0	76	1	94	2	81	7	91	8	90	2	2	5	31	6	43	5	4	0	23	2	32	5	23	8	21	0	2	3	88	6	108	7	4	0	118	1	79	3	98	7	76	4	3	1	46	4	55	9	45	8	3	4	38	6	29	9	35	1	5	0	7	4	5	5	5	7	6	8	6	6	3	0	10	3	8	7	6	9	5	2	12	4	11	6	7	7	7	9	10
10	1	3	1	79	6	95	8	70	7	1	8	27	8	3	0	41	5	48	7	62	3	3	3	15	7	14	8	19	4	2	1	23	9	33	5	4	0	47	4	46	6	72	8	58	6	1	6	48	0	2	6	47	7	51	2	3	0	60	1	45	9	64	9	5	1	46	2	39	3	32	7	53	8	42
10	1	3	1	50	5	35	6	54	7	5	0	71	2	62	5	61	6	61	7	68	2	2	0	40	3	37	0	5	0	107	4	75	5	97	6	73	8	84	8	2	3	15	5	15	6	2	1	46	6	67	3	2	5	31	6	49	9	3	1	35	3	45	8	39	5	4	2	8	3	8	5	11	6	6	4	4	4	23	6	15	7	19	9	16
10	2	3	0	42	4	37	8	36	3	4	0	28	5	25	7	22	8	23	4	3	4	38	6	34	9	26	9	3	3	35	5	46	9	46	0	3	0	65	2	89	9	83	6	1	1	103	7	5	4	7	6	7	7	8	8	7	9	6	8	5	1	49	2	50	5	56	8	65	9	50	1	4	1	26	2	27	5	26	8	25	5	3	0	35	5	36	7	29
10	1	5	0	81	1	71	7	60	8	75	9	89	0	1	2	61	5	3	1	98	6	86	8	69	3	1	8	33	9	1	4	81	7	1	5	44	8	3	0	51	1	60	5	55	2	1	8	79	6	1	3	97	4	5	2	119	3	107	4	97	5	96	7	113
10	5	3	1	62	2	65	7	64	7	3	3	36	5	39	7	31	6	2	3	14	4	16	0	3	0	16	2	20	5	18	3	4	0	97	1	102	6	65	9	104	2	4	3	20	5	20	6	17	8	21	9	4	6	23	7	30	8	31	9	21	4	5	0	28	1	23	5	21	6	23	8	23	1	5	0	38	1	31	4	37	7	35	9	36	8	3	3	89	6	67	7	93
10	9	3	2	104	4	111	8	99	8	2	2	81	7	67	5	3	0	35	1	28	6	32	7	4	3	64	4	91	5	105	8	86	0	4	1	47	2	58	5	49	6	54	1	5	1	70	3	71	4	56	7	89	9	84	2	2	2	17	4	17	6	2	6	81	7	95	3	3	1	113	7	121	8	78	4	5	2	44	3	52	4	47	8	54	9	34
10	9	4	1	53	2	50	4	59	9	43	5	1	9	24	6	2	2	59	6	74	7	1	7	60	4	3	2	108	3	74	9	80	0	4	3	32	4	32	5	33	7	31	1	2	0	41	7	51	8	4	1	33	2	25	4	21	8	27	3	4	1	59	2	42	7	50	9	57	2	4	0	16	5	20	8	20	9	17
10	9	4	1	78	2	63	5	93	7	81	3	5	0	21	2	16	5	22	6	23	8	22	5	1	7	35	1	4	2	10	5	11	6	14	8	11	4	1	5	111	6	1	4	72	7	4	0	81	2	88	3	80	5	90	8	1	6	44	0	1	1	80	2	3	3	38	7	44	8	48
10	2	4	0	60	2	38	5	61	8	38	1	4	1	45	3	38	6	38	9	42	4	3	2	74	4	60	5	61	8	3	1	83	5	68	9	79	5	5	0	15	3	17	4	15	8	13	9	11	9	1	1	67	7	5	1	20	3	13	6	21	8	20	9	19	3	3	4	63	5	50	6	57	6	4	0	35	3	27	5	31	8	46	0	1	4	78
10	9	1	2	23	5	4	3	57	7	46	8	52	9	67	4	1	7	61	2	1	2	13	7	2	7	57	8	75	3	1	7	118	1	3	0	79	3	72	9	57	0	3	2	39	6	53	7	55	8	1	1	60	6	1	0	51
10	3	3	2	27	4	24	8	24	2	5	2	56	3	83	4	69	6	77	7	68	4	3	1	40	4	49	7	47	1	5	2	23	3	34	4	27	6	26	8	37	9	2	3	53	4	60	0	5	0	25	3	25	5	25	6	32	9	38	6	2	3	38	8	30	5	3	1	57	3	68	4	69	7	2	1	42	7	41	8	1	4	59
10	8	1	5	70	7	1	9	44	2	3	0	17	3	18	4	18	0	5	2	60	3	71	5	58	6	59	8	75	9	2	0	31	7	46	5	1	5	10	6	5	2	13	4	15	6	15	7	14	9	12	3	5	1	23	3	27	5	33	8	25	9	26	1	5	0	34	1	47	4	38	8	40	9	35	4	1	5	93
10	3	4	0	43	4	57	8	57	9	53	2	4	1	55	3	70	5	71	9	45	6	4	3	26	5	23	6	19	7	16	4	3	2	55	4	61	8	57	7	2	1	43	8	48	8	1	5	40	5	5	0	17	1	19	4	21	7	20	8	20	9	5	0	72	2	95	5	74	7	107	9	92	0	2	2	52	3	57	1	3	2	29	5	40	9	48
10	4	4	2	24	3	25	6	25	9	23	6	3	4	50	5	65	8	75	1	4	3	67	4	79	6	63	8	71	2	5	2	86	3	110	4	99	5	91	8	112	7	2	6	78	8	80	0	1	6	69	8	1	8	23	5	2	4	58	6	68	3	5	0	59	3	75	6	49	7	45	9	65	9	5	1	17	4	12	6	18	7	12	9	15
10	6	2	4	24	7	28	0	1	2	79	4	3	0	13	1	15	5	20	3	1	3	46	7	5	1	16	4	15	5	15	7	19	9	19	8	5	0	53	1	55	4	40	8	62	9	62	1	4	0	25	4	26	5	24	6	28	5	1	6	104	2	1	9	52	9	3	4	51	5	35	8	30
10	3	3	0	48	8	51	9	55	9	5	0	46	3	46	6	46	7	35	8	43	6	3	3	66	6	47	8	46	5	5	1	15	2	14	3	18	5	20	9	16	0	3	0	46	5	46	8	41	8	3	0	46	7	48	8	42	4	5	0	56	1	65	3	65	6	57	7	65	2	4	0	34	1	41	3	28	4	36	7	2	4	69	8	55	1	3	1	52	2	42	5	42
10	4	1	8	62	1	1	3	67	8	5	3	11	4	11	5	13	8	8	9	9	0	5	2	73	4	85	5	82	6	78	8	65	7	5	0	84	1	72	3	76	4	82	9	76	6	3	2	106	4	99	7	111	5	5	0	43	4	66	6	66	7	51	8	52	3	3	5	60	6	67	8	84	9	3	2	79	7	68	9	66	2	5	0	27	3	33	4	23	6	32	8	29
10	9	3	4	23	5	24	6	24	1	5	1	54	4	76	7	67	8	78	9	53	4	1	4	28	3	2	5	38	9	28	8	3	0	10	3	10	7	6	2	4	3	17	4	20	5	24	8	19	6	5	0	70	1	104	4	97	6	90	7	67	0	4	2	72	3	71	8	111	9	95	7	4	4	58	6	62	7	53	8	53	5	5	1	23	4	19	6	23	7	17	9	18
10	3	4	0	65	3	64	4	54	6	41	2	2	5	79	7	78	6	5	1	77	3	62	5	103	7	66	8	74	9	1	6	45	7	1	8	9	0	3	1	5	5	7	7	8	4	1	4	23	5	4	0	56	1	61	6	49	9	62	1	1	0	32	8	2	0	6	8	6
10	1	1	8	4	4	1	9	91	0	3	0	50	4	74	8	64	2	4	1	69	4	60	5	62	7	61	9	4	1	18	2	13	4	13	6	18	6	3	4	35	6	52	7	43	7	3	5	75	7	76	8	121	8	5	2	73	5	57	6	67	7	60	9	53	5	4	0	37	6	32	7	44	9	49	3	2	8	108	9	107
10	1	4	2	65	3	84	8	71	9	82	3	4	0	58	2	59	8	91	9	79	0	4	3	21	5	29	6	25	7	22	2	4	3	100	4	70	5	107	7	65	9	1	9	18	7	5	0	43	2	33	4	42	7	39	9	44	8	3	3	24	6	28	9	18	4	3	4	65	5	75	6	89	6	3	3	36	4	34	6	53	5	4	2	4	5	5	6	5	9	7
10	5	1	4	6	3	5	0	94	1	69	2	68	3	59	9	86	6	3	1	49	2	47	7	70	1	4	0	18	2	11	4	11	5	11	0	4	1	14	3	11	5	13	7	12	7	1	8	49	8	2	2	21	3	22	9	2	1	26	6	18	2	3	2	23	7	16	9	18	4	4	2	97	7	96	8	64	9	61
10	1	4	0	29	1	31	3	40	8	45	0	1	4	71	7	3	1	8	8	7	9	8	4	5	0	18	3	24	4	21	6	27	9	20	3	5	1	77	2	94	5	118	8	108	9	120	5	1	9	50	9	2	1	5	5	5	8	3	0	20	2	20	9	20	6	2	6	33	9	35	2	2	2	47	5	54
10	4	3	0	10	7	9	8	7	8	2	6	13	8	14	2	2	0	70	1	74	3	2	0	97	2	94	1	2	4	113	6	101	6	3	0	31	2	41	7	28	7	1	7	20	9	2	2	24	7	22	5	4	0	65	4	77	6	77	9	49	0	3	0	79	4	66	5	98
