10	10	10
10	0	2	1	8	8	10	1	1	9	11	2	2	1	37	5	30	3	1	8	41	4	3	1	12	4	12	5	14	5	5	0	69	2	96	3	97	6	87	8	96	6	4	0	60	1	78	4	59	5	72	7	3	3	92	8	82	9	76	8	2	1	43	4	47	9	1	2	15
10	0	1	8	48	8	1	3	39	3	5	2	80	3	80	4	75	5	63	9	87	5	5	0	26	2	20	4	18	6	24	8	18	2	5	0	91	1	68	2	93	3	103	7	104	1	5	3	45	4	36	6	38	7	38	8	35	9	1	5	91	6	4	3	30	4	24	5	30	8	33	7	3	4	57	7	92	9	81	4	1	3	83
10	0	3	2	43	3	64	7	44	6	5	1	20	4	20	5	20	6	21	9	17	1	5	3	37	4	34	5	35	7	41	9	24	3	4	0	65	2	66	3	70	9	51	8	2	1	21	6	23	2	1	3	57	5	5	0	19	2	27	3	30	5	21	7	29	4	2	4	26	5	41	7	3	3	23	4	29	8	28	9	4	4	81	5	93	8	74	9	64
10	0	5	0	27	1	36	4	36	6	23	8	23	1	4	0	81	4	79	7	77	8	80	4	2	0	43	2	47	8	1	1	70	5	1	8	71	7	3	2	13	4	13	5	9	6	1	6	72	9	4	0	49	3	46	5	53	9	60	3	1	9	78	2	1	3	28
10	0	3	0	83	1	102	9	87	5	2	1	111	2	95	9	1	4	101	8	5	1	44	2	54	3	42	4	57	9	46	7	3	0	75	1	96	4	86	4	3	1	110	5	91	6	108	3	5	1	82	4	84	6	98	8	111	9	100	2	5	0	75	2	87	5	97	7	75	9	60	1	4	0	40	1	29	3	39	8	40	6	5	0	36	3	39	5	36	8	50	9	37
10	1	2	0	121	1	88	5	5	1	75	5	83	6	66	7	68	8	83	0	1	3	45	9	4	1	71	2	77	3	61	8	64	2	5	1	44	4	45	5	55	8	43	9	52	8	4	0	91	5	86	7	100	8	94	3	3	0	84	4	75	9	67	6	3	5	106	6	92	8	69	7	5	3	32	4	35	5	39	6	27	8	25	4	1	8	83
10	0	3	1	25	2	27	8	41	3	3	0	69	4	76	5	59	8	3	1	42	7	39	9	53	7	4	1	59	2	73	3	76	7	46	9	1	9	11	2	5	1	41	4	33	6	36	7	41	8	45	4	1	6	30	6	5	0	96	2	102	4	100	6	120	7	88	1	4	3	7	4	7	6	6	8	8	5	1	9	49
10	0	5	1	48	2	44	3	39	7	35	9	52	9	5	1	5	3	4	5	5	7	3	9	3	4	2	1	94	2	74	1	3	5	49	6	41	9	39	5	1	8	57	7	1	9	92	2	3	3	104	7	93	8	74	6	4	3	52	5	60	6	41	8	60	3	3	2	95	3	87	5	67	8	2	2	87	7	67
10	0	2	5	23	6	27	1	5	0	61	2	64	4	72	7	48	8	48	9	1	4	40	7	1	7	59	8	2	0	69	4	74	6	3	0	57	1	85	9	87	4	5	2	72	3	74	6	50	7	54	8	72	5	2	6	14	7	12	2	3	5	72	6	115	7	73	3	4	3	83	4	94	5	85	7	93
10	0	1	2	57	2	2	4	4	8	4	4	5	2	35	3	46	4	45	5	36	8	49	9	5	0	58	1	69	7	54	8	49	9	65	1	1	3	39	5	2	2	44	5	63	8	4	2	65	4	45	8	61	9	41	3	2	0	79	6	66	6	4	0	23	6	33	7	34	8	36	7	5	3	80	4	116	6	72	8	100	9	76
