20	10	10
10	2	2	3	20	6	12	1	2	4	51	8	56	0	2	0	25	5	25	4	2	3	21	4	20	3	5	1	45	2	66	3	57	7	56	9	58	8	2	2	11	3	10	9	1	3	47	7	4	1	59	2	74	3	52	9	61	5	3	5	113	7	107	8	104	6	1	4	39
10	3	3	1	5	2	4	6	7	1	4	0	38	1	52	2	44	3	58	4	2	5	10	8	16	0	1	1	56	2	1	4	28	7	2	0	1	2	1	9	5	0	91	1	91	7	100	8	84	9	81	6	3	5	72	6	80	9	72	8	5	1	18	3	16	4	20	5	18	8	14	5	4	3	105	5	107	7	84	9	86
10	4	5	0	105	2	114	3	82	5	121	7	85	2	3	2	87	4	88	7	67	0	5	0	73	2	55	4	55	5	53	8	51	1	4	0	15	1	11	2	12	8	13	3	5	2	29	3	29	6	25	8	27	9	23	5	2	0	24	1	22	9	5	0	12	3	13	4	15	5	12	9	11	8	3	2	1	4	0	5	1	6	3	1	39	5	55	6	58	7	3	2	31	4	41	5	32
10	2	5	1	105	2	110	4	75	6	92	9	102	3	3	1	86	5	95	8	84	4	4	2	58	3	53	6	47	9	43	0	4	0	11	3	14	4	12	5	9	1	1	7	91	9	3	0	60	3	45	4	75	6	3	4	91	6	78	8	65	8	1	3	107	5	2	1	36	7	48	7	4	1	53	3	42	5	57	8	49
10	4	1	7	35	0	4	2	67	5	58	8	60	9	44	2	2	2	22	9	27	3	4	1	6	2	8	4	7	5	7	1	5	1	36	3	29	4	30	7	22	8	22	8	3	2	69	3	61	9	46	6	4	1	60	4	70	5	63	8	65	5	2	0	11	5	10	7	5	3	43	4	38	5	30	8	35	9	34	9	5	1	20	3	23	5	18	7	20	8	19
10	3	4	0	80	5	106	8	111	9	108	0	5	1	8	3	7	6	10	7	8	8	8	2	4	2	89	3	98	4	96	5	76	1	1	4	13	4	3	6	30	8	43	9	42	8	5	0	30	1	29	3	43	4	39	6	34	6	2	6	72	8	59	9	5	0	24	2	29	4	19	8	30	9	30	5	2	0	56	8	83	7	4	0	99	2	99	4	86	8	76
10	3	1	0	90	2	5	0	51	2	53	3	57	6	52	8	80	1	1	9	29	4	2	3	15	5	18	0	5	2	64	4	61	5	78	6	65	8	73	7	2	6	60	8	41	6	3	3	64	6	49	8	50	9	4	0	110	1	110	4	109	8	92	8	2	2	100	5	93	5	3	1	83	3	89	9	74
10	3	4	0	49	2	64	5	73	7	50	1	2	1	112	5	90	4	2	2	44	5	36	0	3	1	63	2	72	4	75	2	1	5	12	7	5	1	5	2	3	3	5	5	3	7	4	9	2	0	57	7	59	6	1	3	49	8	2	0	9	5	13	5	2	3	18	5	14
10	4	2	2	30	6	33	2	3	1	13	2	17	3	18	1	5	0	55	3	57	4	58	5	50	6	47	0	4	1	18	2	12	5	15	6	14	3	5	1	50	3	50	4	65	6	63	8	56	8	3	4	48	8	50	9	41	5	2	4	50	7	41	7	5	0	74	3	109	4	98	5	112	8	80	6	3	1	79	2	58	9	56	9	3	0	84	4	95	8	78
10	1	1	4	81	0	1	2	13	4	4	1	43	4	58	7	48	9	48	2	1	2	79	3	2	0	48	1	53	6	1	5	72	9	2	7	31	8	44	7	4	2	14	5	15	7	16	9	14	8	4	4	23	5	22	6	21	8	29	5	3	0	48	1	42	9	67
10	4	3	4	53	5	64	6	57	0	5	0	67	1	79	2	77	5	63	7	66	3	3	2	62	5	73	9	50	2	4	1	46	2	41	3	32	7	30	1	5	1	47	4	40	5	51	6	60	9	39	6	4	1	77	2	74	4	91	5	102	8	4	3	31	6	27	7	22	8	28	9	1	0	55	5	5	1	6	2	7	3	7	4	8	6	8	7	1	4	83
10	3	5	2	74	3	51	6	58	8	84	9	66	4	1	4	41	1	2	1	82	9	72	2	2	4	109	9	67	0	4	3	29	4	30	6	25	8	39	5	5	3	56	4	48	6	53	8	48	9	58	8	3	2	60	6	64	7	56	6	4	1	19	2	30	6	28	8	26	9	3	2	88	3	72	8	77	7	4	2	80	3	84	5	53	7	56
10	2	5	3	3	4	2	6	2	7	2	9	2	3	5	1	32	3	50	4	41	8	33	9	43	0	1	4	52	1	5	0	71	3	66	5	53	6	63	8	45	4	5	0	30	1	28	4	26	8	29	9	25	5	5	0	11	1	14	6	10	7	11	8	13	8	1	2	26	9	1	9	32	6	5	1	53	2	52	3	42	4	47	6	41	7	5	1	45	6	30	7	38	8	33	9	33
10	3	5	1	69	2	83	3	94	5	99	6	95	0	4	1	69	6	74	7	58	9	86	4	5	3	13	4	13	5	10	8	15	9	13	1	4	1	8	3	10	7	10	9	7	2	3	3	44	6	37	8	45	5	2	5	8	9	11	8	3	0	16	5	18	6	15	7	1	4	34	9	1	3	31	6	1	6	9
10	3	1	7	95	2	2	4	94	6	77	4	3	2	93	3	100	6	107	1	3	1	90	8	112	9	72	0	1	8	26	5	4	1	9	5	10	7	10	8	6	9	4	0	114	1	76	2	90	6	87	7	3	3	46	5	41	9	59	6	3	0	62	6	54	8	50	8	2	4	54	8	53
10	4	4	2	42	3	60	4	48	6	60	0	1	9	48	3	5	0	69	3	91	4	68	5	98	7	65	1	5	0	36	3	52	5	53	7	37	9	54	2	3	1	36	2	48	8	51	6	4	0	87	1	117	3	122	4	108	9	1	6	43	5	2	3	40	8	39	8	5	0	97	1	94	4	76	5	68	9	92	7	3	7	50	8	67	9	42
10	0	4	1	58	3	69	7	73	9	57	2	1	5	67	3	2	1	35	6	40	1	2	3	80	9	72	4	1	5	26	8	1	8	6	7	3	0	55	1	80	4	62	9	2	1	22	7	24	6	3	1	46	8	60	9	54	5	2	1	45	5	39
10	1	5	3	21	4	24	5	16	8	18	9	22	3	5	0	48	4	35	5	51	6	40	9	45	4	2	7	73	9	52	0	4	2	63	4	79	5	74	9	61	2	1	8	5	7	4	1	67	5	62	7	45	9	56	6	2	5	55	6	60	9	4	0	49	6	54	7	60	9	48	5	1	5	11	8	2	0	36	8	55
10	4	4	0	65	1	56	2	60	8	65	0	4	0	117	2	78	3	112	6	84	2	1	1	25	1	5	3	4	6	3	7	3	8	5	9	4	3	5	0	43	1	39	5	36	6	48	7	33	9	5	0	44	3	37	4	40	8	45	9	37	7	2	7	76	9	78	6	2	3	76	7	82	5	2	0	8	3	10	8	1	8	38
10	3	1	9	8	4	2	2	87	6	77	2	5	0	32	1	29	2	37	3	42	9	33	0	5	0	58	5	68	6	50	7	70	8	49	1	5	0	61	4	64	5	51	6	55	9	60	5	2	8	60	9	54	8	5	1	105	3	72	4	80	7	106	9	78	7	3	0	67	7	52	8	64	9	1	9	32	6	4	2	105	3	86	5	104	9	67
