50	10	10
10	7	5	2	36	3	42	5	36	6	26	7	38	6	3	6	22	7	21	9	26	2	5	1	75	2	97	4	94	5	81	9	109	4	4	1	3	4	6	5	6	9	6	5	5	0	36	1	30	4	43	5	41	8	32	1	1	8	87	3	4	1	32	4	29	5	36	7	35	9	5	1	43	2	32	4	34	6	40	7	28	8	2	4	10	6	6	0	4	1	106	5	91	6	78	8	71
10	2	5	1	65	2	49	4	68	5	47	6	48	3	2	0	119	7	112	8	5	3	19	5	15	6	24	7	19	9	23	9	1	6	79	7	4	1	86	2	85	8	98	9	86	0	2	1	12	7	10	4	1	0	2	5	2	1	56	5	42	1	5	1	62	4	57	5	57	6	78	8	66	6	2	0	82	8	83
10	7	2	7	104	8	110	2	2	0	43	8	28	0	5	0	52	1	69	2	64	3	46	5	47	1	4	0	67	1	61	2	68	5	60	4	2	6	29	7	37	5	2	0	50	3	49	9	1	9	98	3	2	8	4	9	5	6	4	0	11	5	9	8	15	9	14	8	5	0	25	4	26	7	28	8	35	9	24
10	4	1	1	91	7	2	5	99	7	80	8	5	2	111	3	94	4	101	5	95	9	112	1	2	0	37	9	35	0	2	0	113	8	94	6	2	6	114	9	79	2	4	3	15	4	20	5	14	8	17	3	2	8	34	9	27	5	5	0	5	1	4	3	4	7	3	8	5	9	4	2	67	4	79	6	74	8	61
10	3	5	4	44	5	42	6	49	8	56	9	47	9	3	2	82	3	61	5	80	8	3	0	73	2	69	9	78	2	1	1	43	4	3	3	118	5	114	6	103	1	1	0	48	7	5	2	101	3	79	5	74	6	86	7	73	0	1	1	30	6	1	7	48	5	4	1	1	3	0	4	1	7	1
10	6	5	1	67	3	60	4	64	8	47	9	62	4	2	0	60	2	60	8	1	1	53	7	2	0	25	6	32	0	3	2	107	5	79	7	86	5	4	0	50	1	48	4	53	5	37	3	4	0	92	3	104	4	80	5	99	9	2	2	45	6	68	1	3	3	7	4	4	9	6	2	5	0	81	1	79	3	102	6	102	8	111
10	5	1	8	56	0	4	1	104	2	106	5	89	9	73	2	1	1	109	9	4	4	61	6	49	7	59	8	58	7	2	6	52	8	49	3	4	0	49	4	56	5	45	8	47	4	1	7	5	8	3	0	79	3	95	9	109	1	3	0	18	2	20	5	15	6	1	4	91
10	7	1	1	28	6	5	3	34	6	43	7	43	8	51	9	35	3	2	1	28	3	27	8	5	0	90	4	75	5	80	8	71	9	71	2	3	0	69	1	64	2	62	9	1	7	36	1	2	8	90	9	66	0	3	0	35	5	24	9	37	5	1	9	33	4	5	1	15	3	14	4	12	5	15	6	11
10	2	5	0	25	1	20	4	23	7	15	8	17	3	5	5	79	6	73	7	83	8	73	9	89	9	2	0	23	3	19	4	1	3	49	8	2	0	67	1	54	5	3	3	51	4	48	5	42	1	2	2	24	6	22	0	5	0	92	1	83	2	68	4	79	9	92	6	3	0	30	1	39	9	37	7	5	1	25	2	35	5	41	8	33	9	28
10	7	1	6	75	5	4	0	76	4	101	8	100	9	120	0	5	2	35	3	34	5	39	6	51	7	40	2	3	0	59	1	48	9	46	9	3	3	11	6	11	7	12	1	1	2	10	3	1	1	63	4	3	4	73	8	75	9	53	6	4	1	14	2	10	5	17	7	14	8	1	6	97
10	2	3	3	72	4	72	9	85	3	3	1	24	7	35	8	33	0	1	2	112	7	1	9	72	1	3	2	60	6	54	8	69	8	2	1	28	9	32	4	1	8	41	5	1	6	77	6	5	0	53	1	62	2	55	3	56	5	69	9	5	0	88	2	94	5	94	6	66	7	87
10	8	2	3	75	5	93	6	2	3	2	8	3	1	5	0	7	1	5	2	6	8	5	9	7	3	5	1	26	2	27	3	29	4	28	8	32	5	2	4	51	9	68	7	1	0	24	0	3	3	58	4	57	5	45	4	4	0	121	5	83	7	108	9	104	2	4	2	69	3	57	7	49	9	73	9	4	0	55	3	57	6	61	8	51
10	9	3	2	10	7	10	9	10	8	3	1	29	2	38	7	35	4	2	1	64	6	79	5	5	1	98	2	95	3	60	5	71	6	81	0	3	0	19	3	23	6	26	7	5	0	56	2	48	6	63	8	51	9	46	2	3	4	94	5	88	8	121	6	5	0	28	1	35	5	34	8	41	9	46	3	4	0	26	6	38	7	38	9	28	1	4	2	25	3	35	7	25	8	28
10	6	2	3	7	9	6	9	5	0	54	2	47	4	46	5	58	9	49	4	5	1	5	3	3	4	3	6	3	9	5	1	3	3	89	5	67	6	83	3	1	1	29	2	4	1	21	3	32	5	32	6	31	8	3	1	8	3	10	8	10	0	5	1	20	3	23	5	15	6	18	7	19	7	2	0	61	6	78	5	5	0	77	2	88	5	97	6	76	8	99
10	5	5	0	7	2	6	3	6	5	5	6	5	9	2	4	11	5	12	2	3	0	99	2	91	6	77	6	5	2	22	4	18	7	19	8	16	9	14	3	5	3	26	4	20	5	32	8	20	9	25	7	4	3	91	5	61	7	65	8	87	0	2	3	59	6	59	1	1	9	81	8	2	4	38	5	26	4	1	3	23
10	3	3	0	40	1	36	2	46	8	5	0	32	1	29	3	29	6	23	8	20	7	4	1	22	2	27	7	32	8	29	6	5	2	61	5	78	7	59	8	83	9	62	9	3	3	33	4	33	5	49	5	4	2	20	4	13	7	13	8	19	0	2	5	42	6	50	2	1	9	26	1	5	0	47	1	62	2	44	5	43	6	70	4	1	6	11
10	7	2	2	14	5	18	3	2	2	30	6	46	6	3	2	26	6	21	9	25	5	1	0	41	2	3	4	99	5	94	7	101	0	2	1	42	3	44	9	3	0	34	1	33	8	39	1	1	7	35	4	1	0	7	8	5	0	59	1	77	4	72	6	70	8	48
10	8	1	3	52	4	2	1	45	8	35	1	1	5	26	7	5	1	14	5	18	6	16	7	22	8	15	6	3	0	48	7	46	8	38	2	3	1	43	5	44	7	56	0	5	1	65	5	92	6	56	8	62	9	78	3	1	3	17	9	3	3	2	4	2	5	3	5	1	2	24
10	6	1	9	110	1	4	0	30	4	37	5	36	7	22	8	1	6	20	4	5	0	77	1	111	7	68	8	85	9	82	9	2	0	66	8	64	7	1	8	19	5	2	2	38	8	36	0	3	6	47	8	46	9	40	2	3	3	10	4	11	6	9	3	3	2	3	4	5	5	4
10	6	5	4	26	5	28	7	36	8	30	9	41	3	4	3	89	7	102	8	82	9	85	1	2	6	19	7	18	2	4	0	87	1	97	6	69	8	100	9	4	1	83	6	106	7	82	9	94	7	5	0	87	1	106	2	65	3	82	9	69	5	2	4	27	5	21	0	3	1	17	3	20	4	16	4	1	7	113	8	1	6	68
10	6	4	0	3	3	2	8	3	9	3	4	2	4	99	7	88	1	3	2	51	6	71	9	78	7	5	1	65	2	53	7	45	8	60	9	68	8	4	1	56	2	67	6	65	7	61	3	4	2	77	5	79	6	76	8	104	2	4	1	4	2	4	5	3	9	4	9	5	3	38	4	33	6	34	8	36	9	50	0	3	3	67	8	40	9	52	5	3	0	84	1	61	3	55
10	7	5	0	101	3	84	4	73	6	60	9	77	1	5	3	109	6	94	7	122	8	120	9	77	2	4	1	37	7	38	8	39	9	42	0	3	3	17	4	15	8	15	6	4	0	78	1	58	2	63	4	60	9	3	7	1	8	1	9	1	4	1	0	84	3	3	0	27	1	30	5	28	8	3	1	79	4	90	8	81	5	1	8	86
10	6	4	3	36	4	44	5	33	6	44	7	3	2	89	3	79	9	88	3	1	6	69	1	2	3	101	6	79	5	4	2	35	3	31	7	38	9	40	4	2	1	26	6	15	0	3	5	56	6	65	9	51	8	5	0	39	2	40	4	45	7	52	9	33	9	4	2	111	4	79	5	95	7	108	2	2	2	28	3	31
10	5	2	3	50	7	46	3	1	0	64	1	5	1	13	2	12	4	11	5	14	9	12	4	4	1	58	3	64	4	52	7	69	6	5	0	18	2	26	4	27	5	26	6	20	8	4	1	91	2	96	6	90	7	76	2	1	8	54	0	3	3	59	5	58	8	58	9	4	0	103	6	115	7	111	9	120	7	4	1	118	3	74	8	78	9	95
10	5	2	8	56	9	54	1	2	4	64	9	45	6	3	0	89	5	58	6	77	2	5	0	99	4	92	7	101	8	71	9	91	4	1	1	43	3	5	0	32	4	40	5	49	6	33	7	44	7	5	1	72	3	95	4	88	7	102	9	99	0	1	1	40	8	1	3	96	9	5	1	50	2	67	5	53	7	63	9	51
10	9	4	3	23	5	23	7	16	9	19	5	2	6	104	7	86	8	4	3	89	4	86	7	107	9	92	0	2	1	54	8	37	3	5	1	73	2	49	4	76	5	82	9	82	2	1	2	93	1	4	2	75	3	58	6	68	7	48	7	2	1	3	7	3	6	3	0	99	1	89	5	103	4	5	0	92	4	108	5	107	6	117	7	88
10	2	4	0	32	3	26	4	29	9	35	9	1	8	76	6	1	5	26	8	3	0	16	3	14	6	11	3	5	4	46	5	46	7	51	8	66	9	53	0	5	0	31	1	32	2	31	7	40	9	39	7	4	0	15	2	20	5	15	6	17	5	5	1	30	2	31	3	26	5	23	6	22	4	1	2	58	1	1	1	94
10	4	4	5	38	7	39	8	48	9	47	0	1	0	15	3	1	9	60	2	5	2	23	3	31	5	31	7	26	9	22	8	2	3	57	6	42	6	2	1	26	4	23	7	5	0	23	3	30	4	28	6	25	7	22	1	1	9	47	9	2	2	41	8	47	5	4	1	90	2	90	4	58	7	65
10	2	4	0	64	4	43	6	61	9	53	9	1	2	13	1	5	0	60	1	60	3	59	4	80	8	66	8	1	3	27	7	2	4	61	7	60	3	1	8	38	6	4	0	67	4	62	5	49	9	59	5	1	1	82	4	3	0	9	2	10	8	8	0	3	0	40	3	40	9	34
10	8	2	4	55	9	42	9	4	0	39	1	25	6	34	9	27	0	2	2	33	3	34	3	4	4	74	5	79	7	61	8	84	1	4	0	64	1	68	5	67	9	69	7	1	4	44	6	4	0	2	4	3	6	3	7	3	5	3	1	72	4	58	9	55	4	4	2	15	4	15	5	14	7	18	2	4	1	35	4	55	5	47	7	53
10	6	1	8	51	7	1	3	17	1	1	3	1	8	5	0	48	1	41	4	30	5	45	8	41	4	1	3	62	9	2	0	94	8	76	3	4	2	30	4	42	5	33	7	42	2	2	4	32	8	32	5	2	0	44	3	64	0	3	5	57	8	39	9	51
10	9	4	3	100	5	100	7	125	9	125	8	1	5	16	0	3	3	56	8	43	9	43	2	1	3	5	5	3	0	13	1	15	5	12	4	1	2	89	1	4	1	65	4	67	7	63	9	55	3	1	6	103	6	4	1	89	2	73	3	108	6	84	7	3	0	64	1	85	4	75
10	4	1	0	20	5	3	3	44	6	44	8	49	8	5	0	43	1	46	4	35	7	35	8	42	1	4	0	86	5	102	6	95	8	68	7	4	2	67	3	56	7	71	8	58	9	4	1	97	4	95	5	101	6	120	3	3	0	32	2	33	3	38	2	4	2	1	5	1	7	1	8	1	6	4	1	25	3	24	4	27	7	32	0	3	0	20	5	15	6	20
10	3	4	2	108	4	82	5	73	9	76	2	1	0	9	9	2	4	87	6	117	8	2	2	59	8	49	0	5	1	20	4	16	5	15	7	16	8	25	6	2	2	11	8	10	4	2	0	8	1	8	1	2	4	59	9	68	7	1	0	108	5	1	6	91
10	0	1	9	54	8	2	3	73	9	51	7	4	2	83	7	96	8	121	9	118	5	5	3	36	4	38	5	34	8	26	9	35	1	2	5	26	9	35	6	5	0	72	3	63	4	75	8	63	9	55	3	1	2	8	4	4	1	72	2	71	3	67	7	102	9	4	3	37	4	25	7	28	9	30	2	2	2	32	7	40
10	3	5	2	19	5	29	6	32	7	22	9	19	6	3	2	51	4	50	8	43	4	2	2	65	7	64	7	5	1	25	2	23	3	25	4	33	6	21	8	2	2	111	5	90	2	3	2	59	8	49	9	48	1	4	3	7	4	10	8	9	9	12	5	4	2	34	4	29	6	22	8	32	9	4	4	26	5	16	7	17	8	23	0	4	0	36	2	33	3	39	6	27
10	8	5	0	23	1	25	3	24	5	20	9	22	5	1	0	88	0	1	7	79	6	2	0	44	9	41	2	4	2	25	5	28	7	26	9	28	1	2	5	15	7	15	7	5	2	80	4	109	7	75	8	101	9	109	9	3	4	91	6	77	8	90	4	1	4	17	3	4	0	25	2	33	3	29	9	29
10	4	1	5	38	7	1	9	32	1	2	4	59	7	66	0	1	5	36	5	2	1	19	2	14	2	4	0	42	2	37	3	47	4	34	6	1	7	63	3	5	0	32	2	43	6	51	7	50	9	48	9	3	0	61	5	81	7	86	8	5	3	111	4	76	5	101	7	104	8	103
10	7	1	8	91	9	5	2	49	3	55	5	42	6	43	7	53	3	1	1	28	0	2	3	43	5	37	2	5	2	49	3	72	5	54	8	63	9	76	6	3	0	19	2	24	5	23	5	3	0	14	7	12	9	16	4	1	3	5	8	3	0	59	1	44	8	66	1	4	0	94	1	90	5	101	7	122
10	7	1	2	102	0	1	1	15	6	1	6	16	5	4	2	99	4	91	7	63	8	92	9	3	1	63	2	74	4	61	3	4	0	50	3	73	8	54	9	66	1	3	0	1	4	2	7	2	8	3	1	18	3	18	7	16	2	5	3	33	6	39	7	37	8	33	9	42	4	4	0	49	2	43	5	32	6	41
10	5	4	3	34	5	29	8	27	9	32	6	3	4	43	5	28	9	40	9	4	0	8	5	10	6	9	9	8	0	4	0	29	1	30	4	22	5	31	1	2	7	34	8	30	8	4	0	26	5	26	8	23	9	23	2	4	0	93	4	95	7	74	8	69	7	2	0	46	5	43	4	1	5	61	3	3	0	105	6	102	9	87
10	3	1	5	23	2	1	5	35	1	5	2	4	3	4	4	4	5	4	7	5	7	2	2	23	5	26	6	1	4	21	9	4	3	77	7	106	8	117	9	90	8	5	0	23	2	24	7	27	8	28	9	30	4	5	0	3	3	5	5	4	6	5	8	3	5	1	4	29	0	5	2	28	3	39	6	41	7	32	8	36
10	8	2	0	94	5	119	9	1	7	37	1	5	3	88	4	93	6	86	7	88	9	78	3	5	3	2	4	1	7	2	8	2	9	1	6	5	0	2	3	3	4	2	6	2	9	3	2	5	1	21	4	25	5	21	8	17	9	22	0	3	0	60	3	64	5	68	4	3	4	31	7	25	9	23	7	5	0	0	1	0	7	1	8	1	9	1	5	5	0	122	3	75	6	83	7	82	8	102
10	9	5	1	51	2	63	3	55	7	63	8	60	5	3	4	3	7	2	9	2	0	4	0	65	3	70	6	90	9	71	2	2	0	40	7	48	6	3	2	78	7	102	9	91	7	3	0	95	1	99	9	101	4	2	2	0	4	1	8	5	2	85	3	110	4	73	5	107	7	118	1	5	0	36	1	23	2	37	3	35	9	24	3	3	3	74	5	75	7	105
10	5	2	8	35	9	29	6	2	0	74	7	74	3	3	0	99	2	64	3	73	1	2	1	100	9	97	2	1	6	59	0	5	1	50	4	34	5	48	6	35	8	36	8	3	3	12	7	21	9	17	9	2	8	22	9	21	7	5	2	62	4	63	7	89	8	59	9	59	4	2	2	98	4	81
10	1	5	0	21	1	15	2	13	3	15	6	18	5	2	3	64	6	76	2	1	6	30	7	3	1	65	3	94	4	76	6	5	0	47	4	66	5	53	6	68	8	74	9	2	4	23	7	18	8	3	1	101	4	69	7	90	3	3	0	78	5	76	9	71	0	1	3	50	4	2	8	90	9	68
10	9	1	3	38	3	1	7	56	5	5	0	29	4	34	5	34	8	34	9	34	1	3	5	21	7	17	9	22	4	4	0	5	2	4	7	4	9	3	2	2	2	42	6	38	8	2	3	74	6	69	6	3	2	41	8	56	9	44	7	2	0	74	4	57	0	3	1	24	5	26	7	33
10	9	1	3	116	7	4	1	0	3	0	5	1	9	0	2	4	0	50	1	43	2	52	3	46	3	3	1	4	5	7	7	5	4	2	7	8	8	6	8	4	1	65	4	57	6	72	9	77	1	5	0	50	1	45	2	37	3	35	4	48	5	3	2	14	6	14	7	11	0	2	0	68	9	97	6	3	0	1	8	0	9	1
10	3	1	6	21	7	5	1	81	3	93	5	80	7	72	9	68	0	2	4	68	7	94	1	2	1	64	5	73	6	3	2	63	3	72	7	78	8	5	0	64	3	49	6	46	7	76	8	64	2	3	2	20	5	20	8	19	5	1	2	35	9	4	3	18	4	18	5	15	9	18	4	3	4	27	6	28	7	29
10	0	1	5	41	3	4	3	50	7	43	8	56	9	54	2	5	0	30	2	23	4	38	5	27	8	23	8	4	0	62	1	77	7	60	8	62	1	5	2	15	5	19	7	18	8	22	9	22	5	2	0	2	4	1	6	4	1	70	4	62	8	57	9	70	9	4	0	26	1	43	6	30	8	38	4	4	3	61	4	52	7	73	9	67	7	3	5	100	7	65	9	63
