20	15	15
15	3	3	0	77	1	73	11	77	1	3	3	45	8	57	12	56	2	5	3	74	5	83	6	94	7	87	13	71	6	2	0	57	11	57	0	3	1	1	10	0	12	1	4	3	5	51	9	48	12	47	5	4	5	47	8	53	9	55	12	59	8	4	0	15	3	12	8	20	13	18	12	4	1	5	3	5	5	6	11	5	13	5	1	7	5	5	7	6	10	4	12	4	11	1	14	19	9	3	4	115	8	101	12	99	7	3	5	23	7	29	13	32	14	3	0	90	1	58	11	69	10	2	3	61	4	68
15	5	3	0	5	4	5	8	3	3	5	2	88	3	103	5	109	11	108	12	114	6	1	12	43	1	4	0	95	2	70	6	70	7	81	2	2	7	109	8	91	4	3	3	77	9	69	13	78	0	3	1	8	5	8	8	8	11	4	1	66	6	89	9	85	14	90	10	3	8	49	10	46	11	40	8	5	2	60	3	60	9	71	10	78	13	75	9	1	9	25	13	3	0	32	3	31	6	28	12	1	14	49	7	5	0	39	1	46	4	51	6	42	14	45	14	5	2	57	7	36	8	59	11	50	14	53
15	1	4	0	29	4	34	9	37	13	33	6	3	1	38	2	42	14	38	4	2	6	31	9	33	2	1	1	75	0	4	5	29	6	26	7	18	9	24	5	3	3	50	8	44	12	37	3	1	14	8	9	1	1	59	14	3	1	50	4	46	13	58	7	5	0	34	2	38	10	25	11	32	12	27	11	2	10	96	11	95	12	2	7	17	10	21	8	2	9	94	10	111	10	5	5	22	6	21	9	27	10	21	12	26	13	3	4	29	13	36	14	25
15	3	2	0	45	1	59	5	4	2	9	4	15	7	15	8	13	6	4	0	56	5	62	7	40	13	56	2	3	0	70	2	63	10	86	0	1	13	69	1	5	0	59	2	40	4	43	7	51	10	46	4	2	10	75	13	77	10	5	5	44	7	33	8	32	10	34	14	47	12	3	0	6	7	6	12	6	7	2	0	38	2	33	8	4	2	15	8	16	9	15	13	20	11	5	0	69	2	91	8	95	12	78	13	96	14	2	7	54	13	41	13	3	7	72	9	67	10	77	9	5	3	81	4	82	5	82	8	107	10	105
15	2	3	3	28	6	39	9	37	1	2	4	1	9	1	3	1	13	13	6	3	1	60	7	39	9	42	5	2	5	87	13	76	4	3	4	61	7	77	8	72	0	4	6	88	12	75	13	105	14	114	9	4	6	72	7	97	9	105	11	84	7	2	3	28	11	21	11	5	0	19	3	15	6	20	7	20	10	23	10	4	2	88	4	111	6	98	14	101	8	4	2	30	4	32	6	28	14	35	14	3	7	59	10	80	13	57	13	5	0	0	1	0	2	0	8	0	11	1	12	5	4	7	6	8	7	8	9	8	11	8
15	3	1	10	54	6	1	13	18	5	3	1	23	3	20	7	15	4	4	0	3	8	3	9	3	13	2	1	4	1	27	3	21	8	24	11	29	2	2	9	10	11	7	0	1	2	46	10	4	3	35	7	31	8	27	11	40	11	3	0	47	12	31	14	45	9	5	2	39	7	52	10	46	11	53	12	52	8	1	11	6	13	5	0	4	4	5	6	6	7	3	12	5	12	1	5	9	7	4	5	44	6	33	8	42	13	46	14	4	0	84	1	75	3	59	5	62
15	0	5	2	73	3	94	7	98	9	102	11	74	4	4	0	14	2	18	8	12	11	17	2	5	0	58	2	57	8	74	10	77	13	54	6	4	3	23	9	33	12	22	13	20	5	3	11	3	12	5	14	3	1	1	13	63	3	5	0	108	3	112	4	123	7	124	12	98	14	2	7	53	11	60	10	4	5	82	8	95	9	84	12	88	7	1	14	83	13	2	4	100	7	87	9	1	11	76	8	5	0	32	1	38	2	38	3	37	4	41	11	1	10	42	12	1	7	96
15	6	3	1	108	6	113	11	86	4	1	2	20	2	2	4	64	12	72	0	2	3	42	6	67	1	5	5	85	6	104	7	75	9	99	10	104	3	1	5	86	5	4	1	10	4	11	11	7	12	7	7	4	2	37	10	48	11	34	13	34	13	4	0	68	2	57	7	67	8	60	11	2	1	51	12	51	12	4	0	74	3	76	4	102	14	102	14	5	0	67	2	66	6	74	7	52	13	48	10	3	9	8	10	7	12	8	8	4	4	9	7	13	8	14	10	10	9	4	6	29	7	27	12	25	14	26
15	4	5	0	49	3	65	7	42	8	49	9	57	0	4	4	48	9	42	10	35	11	33	3	4	2	57	5	37	9	40	11	40	5	4	0	70	2	85	3	87	9	56	2	1	14	65	6	5	1	35	9	31	11	36	13	23	14	34	1	2	5	33	6	32	10	1	11	82	8	1	8	84	7	4	0	31	11	27	13	27	14	35	13	4	2	32	5	35	6	33	9	31	9	3	3	38	5	43	9	38	11	1	13	31	12	2	6	89	14	83	14	5	0	113	5	70	11	92	12	97	14	97
15	2	1	5	20	5	1	8	40	0	1	13	31	4	1	10	1	3	3	2	65	4	51	7	78	6	4	0	16	2	21	3	15	13	15	1	4	6	77	7	72	9	91	11	92	8	4	4	18	8	24	11	26	14	23	14	5	1	53	4	51	7	53	10	45	13	67	12	1	2	85	10	4	0	108	7	112	8	78	11	93	11	5	3	46	9	60	10	72	11	61	12	69	13	1	2	72	9	1	10	17	7	5	3	90	7	75	8	99	10	115	11	101
15	3	1	8	39	1	4	0	15	7	17	9	14	12	12	4	4	0	21	5	18	9	21	11	19	6	1	10	52	2	2	6	7	9	6	0	3	5	86	7	57	8	72	5	1	14	6	12	2	4	58	11	62	9	5	3	59	5	74	6	57	10	90	13	85	8	4	4	45	6	34	8	55	9	53	14	2	4	109	5	81	13	1	8	62	10	5	1	35	2	35	5	45	7	36	14	45	7	3	4	36	10	36	14	28	11	4	4	69	5	62	8	55	12	57
15	6	3	5	14	6	13	14	12	4	1	12	46	2	3	1	7	5	8	10	6	0	3	0	15	3	16	4	15	1	5	5	25	7	17	10	27	11	19	13	23	3	1	6	37	5	3	0	86	6	84	7	66	13	1	9	104	9	5	4	39	5	44	9	48	12	49	13	41	8	5	0	46	2	34	6	35	9	33	13	41	14	5	2	34	3	46	8	50	9	45	10	40	12	1	7	79	11	5	0	3	2	4	7	3	9	5	14	6	7	3	5	99	6	91	10	80	10	3	2	77	8	73	11	74
15	4	1	0	53	5	4	0	41	5	36	11	47	13	36	0	1	7	57	2	2	11	6	13	6	3	1	3	20	6	4	0	28	2	28	11	32	14	32	1	4	3	48	4	60	10	58	11	43	13	1	10	5	12	2	1	18	9	18	14	5	4	47	9	46	11	45	12	31	14	41	10	2	11	34	14	30	11	1	8	52	8	5	1	79	5	63	6	58	12	68	14	75	7	3	3	93	6	92	8	83	9	3	3	15	5	9	13	10
15	6	2	4	73	11	82	0	2	1	59	9	77	5	4	3	83	6	99	7	106	10	91	1	2	0	74	1	107	3	1	14	21	4	3	6	12	7	14	8	9	2	2	2	66	13	69	7	3	0	80	6	57	14	54	14	4	3	7	6	8	9	7	12	11	13	5	6	46	7	57	8	58	13	39	14	60	8	5	1	47	2	47	4	44	7	51	11	43	11	5	2	97	4	75	6	99	12	96	13	87	10	5	0	19	6	16	10	15	11	20	14	22	12	1	3	17	9	1	2	3
15	4	3	0	38	4	35	14	35	0	1	3	45	1	3	8	65	12	48	13	54	5	3	1	60	8	82	13	56	2	4	1	61	4	41	6	45	10	53	6	2	6	1	9	1	3	3	2	47	5	33	7	52	10	2	1	87	3	81	11	4	3	45	8	49	12	44	14	34	8	3	3	39	6	51	14	48	12	5	1	98	4	90	8	75	12	116	13	96	13	2	7	1	10	1	14	1	11	33	7	1	1	71	9	5	0	14	5	18	10	18	13	19	14	14
15	6	2	6	25	10	36	1	4	1	45	7	35	8	49	9	54	0	3	5	77	8	99	11	79	3	1	13	14	4	3	3	8	11	11	12	10	2	2	4	4	5	3	5	5	3	42	6	38	10	51	11	54	14	48	13	3	9	52	11	61	14	60	14	5	6	8	7	9	8	13	9	9	11	12	12	4	4	17	7	23	11	18	13	16	8	1	14	92	7	1	10	42	11	2	5	52	9	33	9	5	3	42	6	46	10	40	11	41	14	27	10	4	6	37	7	42	13	27	14	27
15	1	1	0	25	4	1	3	33	3	3	0	32	2	46	3	43	2	3	0	66	8	73	14	82	6	1	1	48	0	2	7	10	11	13	5	1	12	7	10	2	2	34	6	55	11	3	8	46	11	46	12	46	12	2	5	18	7	14	14	1	0	3	7	4	0	94	1	66	4	82	13	88	13	5	2	86	5	119	7	92	11	118	13	104	9	4	3	92	6	93	7	71	9	98	8	2	1	5	4	5
15	5	5	0	10	4	12	8	16	9	16	12	17	0	2	7	3	12	4	3	2	0	38	2	38	1	4	1	84	2	54	5	80	10	61	4	1	3	57	2	3	4	66	6	65	12	67	6	2	11	46	12	37	9	3	2	57	4	62	13	63	13	2	4	35	10	39	7	3	4	45	9	41	13	60	10	1	11	22	14	2	0	34	12	29	12	5	2	95	7	82	9	68	12	63	13	71	11	1	3	65	8	2	6	40	13	39
15	6	4	0	57	5	72	8	72	11	61	0	4	4	35	7	33	9	35	14	27	3	5	3	60	4	76	6	79	8	86	10	61	4	4	0	27	1	30	2	28	12	30	5	1	6	90	2	1	2	28	1	2	3	60	11	61	12	1	2	65	13	5	3	105	5	92	7	71	12	77	14	70	10	4	0	66	1	83	3	55	14	58	7	1	8	16	9	2	7	87	13	56	11	1	5	60	8	1	3	59	14	4	3	8	4	10	5	10	10	7
15	5	1	9	85	2	5	0	40	6	39	8	34	10	49	11	45	4	3	11	64	12	79	14	78	3	5	3	49	5	40	6	44	7	46	9	31	1	4	3	3	4	3	8	3	9	3	6	2	6	18	13	21	0	4	0	46	7	37	9	46	14	44	8	4	2	73	5	114	6	106	11	105	11	3	2	119	7	116	8	118	12	4	5	27	6	24	8	22	9	36	14	4	0	100	1	120	3	83	10	108	7	5	2	6	4	8	6	7	9	5	11	5	9	4	0	90	12	99	13	93	14	98	13	1	13	66	10	2	6	97	13	93
