10	10	10
10	0	4	2	82	5	104	6	120	8	117	1	5	1	72	2	83	3	86	4	59	7	61	2	5	2	22	4	18	7	21	8	19	9	18	3	3	0	5	2	3	7	4	4	3	1	48	2	67	9	49	5	5	1	15	2	15	4	16	5	13	8	17	6	1	6	86	7	4	0	8	4	12	7	12	9	13	8	5	1	16	2	15	4	16	6	17	8	20	9	1	3	78
10	0	3	5	12	7	8	9	9	1	2	6	49	9	57	2	1	3	66	3	3	0	30	4	39	7	46	4	5	3	15	4	19	6	15	7	18	8	13	7	5	2	28	3	29	5	22	7	18	9	19	6	3	1	46	2	77	9	63	5	4	0	93	2	107	7	69	8	83	9	2	7	77	9	98	8	4	1	73	3	89	6	83	7	86
10	2	4	0	66	2	52	5	69	8	52	1	3	0	72	2	72	3	61	0	5	0	95	2	89	3	76	4	109	5	71	4	1	0	92	3	1	2	20	5	1	8	87	6	1	1	50	7	5	0	94	1	82	2	70	3	62	6	96	8	3	1	53	4	61	7	43	9	3	0	15	7	15	8	12
10	2	3	4	23	6	36	9	23	1	5	2	26	4	41	7	26	8	42	9	29	0	4	2	29	4	21	7	32	8	30	4	5	0	84	1	65	3	67	7	73	9	95	3	3	1	55	6	44	9	45	7	4	2	85	3	92	6	100	8	86	6	2	3	31	7	25	5	3	0	55	3	38	4	58	9	3	0	26	1	26	5	29	8	1	9	74
10	1	3	0	42	1	46	7	40	0	1	8	73	4	2	1	60	8	83	3	5	1	19	3	21	4	24	6	31	7	30	2	1	6	87	6	5	1	35	4	28	5	41	6	40	8	29	5	5	0	103	1	101	4	110	6	89	9	74	9	1	2	96	8	5	0	38	1	30	5	28	6	36	8	46	7	1	7	41
10	1	2	1	20	9	21	0	1	4	34	4	4	0	96	1	90	4	95	9	70	3	3	1	68	6	110	7	109	2	2	3	71	5	69	6	2	5	59	7	53	5	3	0	88	2	104	4	103	9	4	0	27	1	45	2	46	5	36	8	2	2	56	6	45	7	1	6	116
10	1	3	4	21	6	17	8	25	2	5	1	88	4	91	5	115	7	105	8	72	4	5	3	26	4	27	5	18	6	24	9	20	0	1	5	68	3	3	0	32	3	41	4	41	6	1	9	47	7	5	2	64	4	39	6	51	7	40	8	51	9	4	1	50	3	57	5	51	8	48	5	3	2	22	5	30	8	29	8	3	0	53	1	75	3	56
10	1	1	0	27	2	2	1	63	8	73	4	4	1	38	7	27	8	35	9	45	0	4	3	29	6	26	8	24	9	26	3	3	0	16	1	17	3	19	5	2	8	86	9	76	7	2	6	13	7	12	8	1	9	47	9	1	5	14	6	4	1	76	2	69	6	75	8	97
10	0	1	9	57	2	3	4	51	6	47	8	41	3	2	0	79	5	92	4	5	0	24	1	21	2	18	3	19	9	27	1	2	4	102	6	98	6	4	0	101	3	110	6	105	8	89	7	4	1	8	2	6	8	5	9	8	9	3	3	44	6	56	8	51	5	3	1	20	2	16	5	20	8	5	0	11	3	10	5	11	6	12	7	16
10	0	5	4	65	5	51	6	55	7	50	9	45	2	5	2	20	4	16	5	23	6	21	9	19	3	2	1	58	9	57	4	1	5	102	1	5	1	20	2	26	3	18	7	25	8	21	5	2	6	17	7	12	7	5	3	98	4	77	6	91	8	66	9	78	8	2	7	75	8	62	9	5	0	21	2	18	3	22	7	27	9	27	6	4	1	71	4	86	6	74	7	74
