20	5	5
5	2	2	0	25	3	35	1	2	0	19	2	22	0	2	3	59	4	61	3	2	1	66	2	53	4	2	0	78	2	87
5	0	1	2	23	3	2	1	62	4	65	1	1	3	57	4	2	3	15	4	12	2	1	1	27
5	0	2	0	13	3	14	1	2	1	33	3	49	2	1	3	34	4	2	1	117	3	84	3	1	4	35
5	2	2	3	61	4	51	3	1	3	59	4	2	2	78	3	80	0	2	1	68	2	60	1	1	2	96
5	0	1	2	99	4	1	2	42	3	1	4	37	1	2	3	14	4	18	2	2	0	61	2	49
5	4	1	3	62	2	2	2	46	4	38	0	2	2	102	3	97	3	1	4	53	1	2	2	62	3	51
5	0	2	1	84	2	88	4	2	0	61	4	91	2	2	0	94	3	88	1	2	1	74	3	83	3	2	1	60	3	66
5	4	1	4	63	3	2	1	20	2	29	1	1	1	47	2	1	0	46	0	1	0	62
5	4	1	0	21	1	1	1	45	0	2	0	49	4	40	2	2	2	92	3	76	3	1	3	14
5	0	1	3	96	1	2	1	86	3	66	2	1	2	39	4	2	1	58	3	75	3	1	3	85
5	0	2	1	109	3	95	3	1	1	75	1	1	4	8	4	1	2	28	2	1	2	40
5	4	2	3	11	4	10	2	1	0	116	0	2	0	57	3	64	1	1	1	6	3	2	1	37	4	43
5	1	2	1	108	2	68	2	2	0	73	1	46	4	1	1	70	0	1	1	55	3	2	1	15	4	20
5	2	1	4	28	1	1	4	52	4	2	1	44	4	51	0	2	0	24	3	28	3	2	2	46	4	54
5	4	2	0	6	4	8	0	1	1	83	3	2	0	36	3	31	2	1	3	35	1	1	4	40
5	1	1	1	51	0	2	1	24	3	20	4	1	0	46	3	2	2	15	4	15	2	2	0	77	3	61
5	4	2	1	38	2	35	1	2	0	24	2	28	3	1	4	20	0	1	0	76	2	1	2	37
5	1	2	1	91	2	85	0	2	2	38	3	33	2	2	1	6	4	6	3	2	1	72	3	51	4	2	0	34	3	39
5	4	2	3	101	4	67	0	2	0	73	3	83	2	2	0	115	3	92	1	2	1	63	3	61	3	2	1	31	3	25
5	4	1	0	75	2	2	2	53	4	38	1	1	0	58	3	1	2	61	0	1	3	120
