20	15	15
15	3	4	1	6	6	10	9	6	11	6	4	3	9	82	12	54	14	87	2	2	3	44	13	48	5	3	1	28	4	26	7	28	6	3	1	62	5	90	7	75	1	5	5	82	8	60	9	63	10	76	12	83	0	2	0	23	11	23	12	4	2	77	6	62	9	73	12	63	8	1	0	79	10	1	5	39	11	2	1	3	9	3	14	3	5	47	10	64	12	65	9	1	7	19	7	3	3	79	4	82	9	86	13	3	0	64	5	52	14	52
15	3	3	2	37	8	35	12	29	2	2	3	24	13	25	5	2	0	8	3	6	1	1	4	66	4	2	11	63	13	48	6	5	4	16	6	20	8	19	13	14	14	13	0	5	1	43	5	45	6	32	7	44	11	38	8	4	2	31	3	24	4	30	5	27	12	5	2	11	4	13	9	9	11	13	13	10	14	4	3	60	4	62	5	42	8	52	10	4	1	56	3	72	8	62	13	60	7	3	5	90	8	92	13	67	9	4	6	77	7	60	9	91	14	93	13	5	1	111	2	82	3	82	11	70	12	106	11	2	7	60	14	81
15	0	4	5	7	9	7	11	7	13	7	6	4	3	18	9	16	10	19	13	20	3	4	2	51	3	64	8	54	10	57	4	2	9	100	11	85	5	5	5	17	6	22	8	13	12	20	13	17	2	3	3	95	8	77	14	92	1	2	1	51	13	81	7	3	3	40	4	62	5	57	14	4	6	59	9	56	10	58	14	43	11	4	5	4	7	7	8	5	10	5	10	2	4	77	9	75	13	3	3	50	5	60	12	60	9	5	7	25	8	20	9	15	13	21	14	16	8	1	12	76	12	3	5	116	9	84	10	91
15	2	1	2	38	0	2	10	69	12	85	1	1	5	90	4	2	0	60	6	41	5	2	9	36	11	32	3	3	5	1	8	1	10	1	6	5	2	93	6	104	9	71	10	70	14	111	13	5	0	50	9	62	10	50	13	46	14	51	8	4	3	48	6	46	12	44	14	33	9	4	4	40	5	45	9	43	12	34	14	2	10	46	13	34	12	1	9	113	10	4	5	50	6	74	10	48	11	58	11	2	2	65	8	72	7	3	6	67	11	93	12	79
15	0	3	2	52	3	50	5	51	1	2	9	47	10	40	5	4	0	39	1	40	12	55	13	61	6	4	1	97	7	76	8	86	12	71	3	1	3	30	2	3	2	36	10	30	14	24	4	1	5	107	14	3	3	17	8	11	13	11	10	2	5	103	10	117	8	5	3	16	4	21	6	21	9	20	14	20	13	1	14	98	9	5	3	73	9	103	10	106	11	109	14	105	12	1	13	85	11	2	5	65	8	73	7	2	5	79	10	60
15	0	3	3	70	6	70	13	50	6	4	6	47	7	46	12	33	14	50	2	1	9	37	3	1	11	116	1	3	4	95	5	68	6	97	4	2	2	64	14	56	5	1	6	100	12	2	0	99	11	69	14	1	12	67	11	4	1	32	5	34	6	41	10	40	8	2	2	64	13	92	10	3	1	89	9	84	11	84	13	3	3	12	5	15	7	14	9	1	8	28	7	5	0	61	1	74	3	62	12	48	14	76
15	0	1	9	92	4	4	3	85	5	69	7	85	8	77	6	5	0	11	2	9	6	11	7	10	13	10	1	4	0	34	1	36	9	42	11	35	2	3	3	108	11	82	14	91	3	3	1	100	6	99	12	76	5	1	7	101	14	1	8	80	9	1	10	49	11	4	2	40	7	52	8	41	12	52	12	5	2	93	5	67	9	96	10	62	12	82	13	4	0	77	6	59	9	88	11	83	8	2	1	76	6	83	7	2	2	85	3	69	10	4	1	86	4	92	5	91	6	60
15	0	3	1	51	2	59	11	59	2	2	8	102	14	100	6	2	11	12	14	13	3	1	1	68	4	3	5	85	8	71	11	61	1	5	1	23	4	23	7	26	10	21	11	17	5	1	14	56	11	5	1	43	4	46	5	55	12	49	13	41	7	5	0	76	2	92	4	73	9	92	13	80	12	5	7	40	9	24	10	24	13	29	14	34	13	2	9	70	14	68	10	5	4	13	5	14	9	17	10	13	11	15	14	2	12	59	13	52	8	2	4	88	11	110	9	4	2	63	6	45	9	63	12	68
15	6	2	6	73	12	70	5	1	1	62	2	3	8	42	10	37	13	36	0	5	0	38	2	28	6	24	8	28	10	33	3	2	7	69	12	114	1	5	0	53	4	44	5	66	7	66	12	66	4	3	5	80	10	52	14	58	13	2	5	64	11	57	14	4	1	28	7	26	9	28	12	25	12	1	11	74	8	2	0	32	10	33	9	4	0	116	6	78	8	108	13	99	7	5	3	76	6	78	11	96	13	62	14	76	10	5	0	1	1	1	3	1	8	0	10	0	11	3	1	44	8	48	9	54
15	6	5	1	29	7	35	9	31	10	31	13	42	4	4	1	49	4	56	5	42	14	47	1	5	0	46	3	51	6	59	10	59	13	54	5	5	1	93	4	78	8	82	13	75	14	71	3	2	0	33	5	32	2	2	0	99	13	113	0	2	5	3	14	2	14	3	0	50	1	71	7	67	11	2	0	40	3	43	13	2	8	95	13	84	9	3	1	0	5	0	10	0	8	3	3	41	4	40	10	45	10	2	2	26	9	20	12	4	3	37	4	35	9	33	10	36	7	3	2	52	10	47	11	43
15	1	3	1	43	4	39	9	46	0	3	2	34	4	31	5	35	5	5	1	67	4	53	5	47	8	43	11	48	6	3	2	111	9	100	12	86	3	3	0	112	1	97	14	105	4	3	2	33	4	33	5	25	2	4	0	32	1	30	7	25	13	29	14	5	5	41	6	58	8	42	9	59	10	37	7	2	5	62	14	47	12	3	11	78	12	117	14	105	8	4	4	83	6	77	10	104	14	88	9	3	7	95	9	71	10	96	10	3	4	44	9	40	13	40	13	4	3	71	5	63	6	51	14	80	11	4	0	85	1	76	3	96	9	88
15	2	4	0	0	1	0	6	0	12	0	5	3	1	87	6	81	7	113	0	2	3	80	4	78	4	3	3	61	9	85	12	61	6	3	2	15	4	12	13	15	1	3	9	22	11	16	13	18	3	3	2	73	4	88	8	82	14	5	0	40	4	57	7	51	10	58	14	40	11	4	0	11	4	17	11	14	14	16	12	1	1	83	9	3	0	27	9	42	12	34	8	5	1	37	3	41	5	34	11	40	13	26	13	1	3	73	10	3	6	5	7	5	13	6	7	5	0	61	1	98	2	69	11	71	14	82
15	1	4	1	58	3	62	5	74	9	67	0	4	1	89	2	86	7	85	12	103	2	1	10	65	6	2	2	76	6	91	5	1	1	29	3	3	7	89	10	86	11	107	4	3	3	63	4	78	5	60	7	1	0	75	9	3	3	21	5	29	14	21	11	3	2	44	3	41	5	34	10	3	4	5	8	7	14	7	8	4	1	57	4	67	9	48	10	55	13	2	7	121	12	120	14	2	2	52	3	54	12	5	0	52	3	42	6	47	7	39	14	41
15	5	3	1	44	12	44	14	34	3	5	3	37	9	27	11	29	12	32	13	25	0	3	1	49	6	55	7	56	6	3	4	79	6	53	9	72	1	1	13	50	2	2	4	25	10	37	4	2	2	1	4	1	7	5	1	58	4	45	10	69	11	59	13	61	13	5	0	113	1	80	2	76	7	80	8	88	9	5	2	10	6	9	7	10	12	12	14	8	12	5	0	78	3	89	9	69	10	86	12	88	14	5	1	42	2	38	8	41	9	31	12	45	10	1	1	83	8	5	4	76	8	86	11	108	12	71	13	77	11	1	13	47
15	6	5	4	61	7	47	8	52	9	51	12	46	4	2	2	55	13	57	1	1	12	56	2	2	9	3	13	4	0	5	0	14	1	21	3	13	13	14	14	15	5	3	1	25	9	25	13	17	3	3	1	27	3	34	12	28	10	3	1	34	7	52	13	45	13	5	3	56	4	54	5	49	9	45	13	49	9	3	4	57	10	61	14	59	11	4	0	24	7	16	8	21	12	15	8	5	0	4	1	5	5	4	7	5	14	3	7	4	4	28	5	27	7	19	14	18	14	1	14	80	12	3	1	1	3	0	5	0
15	6	1	8	64	5	5	4	16	5	14	8	18	9	16	11	17	0	1	2	80	3	3	8	5	10	5	13	6	4	4	3	10	5	14	11	13	12	14	2	4	1	11	4	6	5	7	13	9	1	2	7	33	12	33	8	1	4	83	7	1	0	111	12	2	4	30	14	28	10	4	0	86	1	79	2	72	13	101	14	3	8	70	13	77	14	55	11	4	0	27	6	26	8	20	9	21	13	3	0	27	1	30	12	24	9	3	7	70	9	62	10	79
15	2	5	0	62	1	60	4	71	9	90	12	86	6	1	13	14	0	2	7	71	8	77	5	4	1	17	4	16	5	14	6	15	1	1	11	10	3	5	0	85	1	86	2	87	4	110	7	108	4	4	0	26	6	21	8	27	10	28	8	4	3	40	4	51	8	46	14	36	10	2	1	1	6	1	11	2	2	3	13	6	14	4	1	81	3	80	4	105	6	98	7	2	0	40	12	32	12	5	1	13	2	13	4	11	5	9	10	14	9	1	5	76	13	1	9	33
15	4	5	1	24	3	29	4	38	10	38	13	25	2	3	6	25	9	21	11	18	3	3	0	64	7	76	13	80	6	2	8	15	13	20	5	3	8	2	10	3	11	2	0	5	2	107	3	87	4	68	6	97	7	92	1	1	0	41	13	3	7	47	9	69	10	69	12	2	5	32	12	35	8	2	13	6	14	6	14	2	1	104	8	91	9	3	1	94	7	76	11	124	11	4	0	40	4	41	9	41	10	34	10	3	2	4	5	4	6	5	7	4	1	114	5	92	7	118	10	74
15	6	2	3	56	11	41	4	4	3	51	4	53	6	61	9	58	3	5	1	1	2	0	4	0	5	0	9	1	0	2	11	21	12	27	2	4	1	121	9	104	10	98	12	87	1	5	1	32	8	47	10	41	12	31	14	33	5	1	11	51	14	2	9	63	10	54	13	2	1	2	4	1	7	2	1	21	2	21	8	2	7	58	14	56	9	4	5	43	7	29	10	46	14	31	10	4	2	75	7	85	8	62	13	84	11	3	2	85	13	87	14	82	12	2	5	3	12	3
15	6	2	6	68	9	77	2	4	4	57	6	41	10	38	12	53	3	5	0	19	5	20	7	23	10	29	12	25	1	1	8	2	5	1	12	26	4	1	8	10	0	2	11	19	13	20	13	4	9	59	10	65	11	79	12	53	7	5	3	85	5	75	7	71	9	98	12	98	12	3	1	120	11	77	14	84	11	2	2	94	10	97	10	4	1	100	4	84	9	72	13	93	8	3	3	83	5	63	12	68	9	1	3	20	14	2	9	17	10	18
