10	10	10
10	4	5	0	21	2	13	3	21	5	16	8	22	7	1	0	21	9	5	0	41	2	43	3	49	7	34	9	42	2	4	0	43	5	44	6	54	8	48	3	2	0	32	5	38	8	1	5	62	5	4	2	82	7	89	8	66	9	104	6	3	2	32	3	35	5	30	1	3	0	28	5	25	6	22	0	3	0	90	1	87	9	75
10	8	4	2	44	4	58	5	42	6	59	5	2	0	13	4	15	1	4	0	47	4	49	6	51	7	48	7	3	0	77	3	66	5	83	2	4	0	39	1	42	8	41	9	44	3	5	0	60	2	59	6	52	8	64	9	57	6	4	1	69	2	64	4	55	8	74	9	5	4	40	5	39	6	27	7	38	8	40	4	5	2	65	3	62	4	45	7	52	9	64	0	3	6	51	8	41	9	51
10	2	4	0	22	2	29	3	23	8	27	4	3	4	92	8	86	9	87	3	1	7	85	1	1	3	76	8	1	6	12	6	1	1	106	7	4	2	105	3	110	5	100	6	82	0	5	0	73	2	71	4	95	7	86	8	85	9	5	2	84	4	100	5	71	7	92	8	66	5	5	1	69	4	70	5	52	6	44	9	48
10	0	1	0	68	8	1	2	9	3	5	0	30	2	36	4	26	7	29	9	37	7	4	0	64	1	46	4	56	7	44	5	5	0	19	1	16	3	25	7	18	9	20	2	2	4	15	7	19	4	3	0	32	2	38	6	30	6	3	1	103	2	73	4	79	1	5	0	69	2	54	3	71	4	60	9	78	9	1	6	21
10	9	5	0	47	3	41	4	43	6	31	8	36	0	2	3	5	8	8	4	4	2	20	4	22	8	16	9	15	8	5	0	5	3	8	4	8	7	6	9	5	6	4	1	85	2	102	7	83	9	102	2	4	0	72	3	77	4	65	5	52	5	3	1	69	4	67	5	65	3	3	6	55	7	59	8	66	7	5	4	9	5	8	6	7	7	9	9	6	1	2	1	36	8	34
10	3	4	3	107	4	75	6	86	7	94	2	2	3	78	6	61	5	5	0	32	2	30	3	49	4	32	5	41	0	2	0	60	1	78	7	1	5	95	4	1	3	90	8	2	4	60	9	50	1	1	8	5	6	2	6	44	9	37	9	4	0	13	1	11	2	16	5	11
10	1	4	3	80	4	85	5	83	7	81	7	1	3	39	8	2	4	26	7	20	3	3	0	63	4	89	6	85	4	1	3	76	5	3	2	7	4	6	7	6	6	1	4	46	0	2	4	28	9	30	2	2	7	75	9	101	9	4	3	23	4	26	8	21	9	20
10	1	4	1	17	3	12	4	17	9	18	7	4	2	35	3	51	6	49	8	34	2	2	1	17	4	22	0	1	0	12	8	5	1	31	2	30	4	24	6	22	9	28	6	3	2	72	4	66	5	46	3	5	1	94	3	73	4	74	5	89	7	70	9	4	2	25	5	20	8	23	9	26	5	5	1	9	3	7	4	9	8	9	9	8	4	3	5	78	7	74	8	84
10	2	4	0	66	4	62	8	58	9	62	3	1	5	92	4	1	6	16	9	3	4	5	5	5	9	3	0	3	0	54	2	47	9	58	6	4	0	35	1	38	3	38	6	30	7	4	2	10	3	8	5	9	6	11	8	2	8	19	9	16	1	4	0	30	1	38	3	31	9	33	5	2	3	34	5	46
10	1	5	0	112	2	90	4	105	5	116	9	87	0	5	0	71	1	101	2	93	3	77	5	81	5	4	2	69	3	53	5	59	8	64	3	4	0	78	1	75	5	92	7	101	9	5	2	23	3	20	5	22	7	20	8	22	7	1	8	21	8	1	4	12	2	5	0	55	4	51	5	72	7	61	9	52	6	2	0	42	3	37	4	4	1	9	6	8	8	10	9	10
