15	15	15
15	10	5	0	60	5	63	8	59	10	40	11	44	14	2	3	40	9	33	7	4	0	91	3	77	7	77	14	70	4	1	4	18	6	2	5	29	6	38	3	4	0	28	9	25	13	18	14	22	2	3	2	72	4	76	12	80	12	3	0	16	11	13	14	18	11	5	0	25	4	23	8	24	9	22	13	25	13	5	1	74	2	78	5	66	8	74	10	60	8	4	0	34	3	41	7	34	11	41	5	4	0	100	6	87	7	87	9	75	9	5	0	50	1	80	3	49	4	74	7	59	1	2	4	45	13	42	0	3	4	70	8	101	13	83
15	6	1	4	46	9	3	3	89	7	98	13	85	10	2	0	82	6	83	5	5	0	44	1	59	4	45	5	69	12	65	11	5	1	16	3	18	6	18	7	21	13	15	3	4	3	46	9	57	13	54	14	52	8	1	2	69	0	2	0	45	6	48	4	1	0	38	13	3	1	71	6	78	10	83	12	3	6	50	8	51	11	40	7	4	0	32	8	34	9	38	11	34	2	1	0	19	14	2	3	3	12	4	1	1	5	43
15	0	3	2	29	7	33	13	37	3	5	2	59	4	39	5	40	6	41	9	46	10	4	2	5	3	6	7	6	10	4	5	3	5	54	6	56	14	54	7	1	10	53	8	3	5	85	9	82	11	84	6	3	1	103	10	104	12	94	11	3	12	11	13	13	14	12	1	5	2	27	3	21	4	20	7	21	10	28	13	5	1	28	6	21	9	25	11	26	14	30	14	4	4	49	6	56	11	56	13	72	9	5	1	69	4	80	7	86	8	82	12	105	4	2	8	35	9	53	12	4	0	89	5	94	9	83	13	95	2	5	0	10	4	14	9	14	13	10	14	17
15	5	1	11	23	6	3	3	10	9	8	11	10	0	3	10	58	12	73	14	56	12	1	13	34	11	3	3	52	11	53	14	51	2	3	7	93	8	60	9	74	4	4	3	74	4	80	11	75	13	82	3	4	0	26	3	30	4	42	14	30	7	5	3	25	7	15	9	21	11	20	12	18	13	1	9	12	14	4	0	65	1	74	4	68	6	86	10	3	1	74	6	57	7	66	9	3	6	48	8	58	9	41	8	5	1	64	5	81	8	55	10	69	13	72	1	2	9	8	13	11
15	12	1	9	54	9	2	0	48	10	49	3	3	3	21	6	23	14	28	14	4	0	71	8	60	10	65	13	65	13	5	3	33	4	39	6	44	9	41	14	27	1	5	0	28	4	29	6	31	7	30	8	24	6	1	2	70	11	2	1	12	12	17	8	5	5	61	6	67	11	47	13	41	14	51	5	4	3	51	7	39	10	45	12	35	2	2	0	62	9	66	0	5	0	4	1	6	4	5	12	7	14	6	10	1	8	44	7	2	8	86	10	71	4	1	3	73
15	13	3	0	74	5	93	9	88	12	2	4	49	14	58	11	4	1	12	3	17	8	12	9	17	5	3	1	33	7	24	13	24	4	2	11	101	12	64	2	3	1	18	3	24	13	28	9	4	7	10	10	10	12	12	13	9	8	4	1	76	5	51	12	48	14	67	1	2	12	80	13	66	7	1	1	73	6	2	5	5	8	3	3	2	2	82	9	54	14	4	0	46	3	44	4	59	5	68	10	4	0	12	5	11	13	12	14	11	0	4	0	55	3	51	4	57	6	45
15	10	2	6	73	13	91	13	2	2	37	5	42	9	4	0	6	5	7	6	6	14	7	12	2	9	62	10	48	11	3	4	54	11	77	12	79	6	4	2	49	4	61	7	76	14	57	0	3	6	16	9	14	14	14	2	1	9	53	8	2	1	55	14	55	5	5	1	75	4	75	7	70	8	97	13	68	7	2	5	94	8	95	14	4	1	42	2	40	5	35	14	36	4	5	2	100	9	66	10	70	12	79	14	89	3	3	0	74	1	73	5	69	1	1	2	64
15	7	4	4	83	5	82	8	71	9	58	10	4	0	53	4	74	6	78	8	68	8	1	9	56	6	1	8	12	9	3	1	16	4	25	6	15	11	2	1	123	8	122	4	3	6	30	11	30	14	18	14	3	2	50	8	65	10	52	5	1	14	66	3	5	0	63	7	88	8	68	10	66	13	54	12	4	6	47	10	33	11	44	13	40	1	5	5	75	10	63	12	85	13	77	14	66	13	4	2	26	4	29	5	26	10	21	2	2	3	20	7	21	0	5	0	27	2	40	4	28	10	36	14	39
15	4	4	4	63	7	96	12	77	14	81	1	2	0	27	7	33	3	1	0	79	2	3	1	9	10	8	14	6	0	4	2	34	7	41	8	41	11	33	8	2	2	35	7	41	6	5	1	22	4	17	5	26	9	17	12	24	5	1	6	39	12	3	0	55	3	50	14	61	9	1	7	26	11	4	6	18	9	13	11	15	12	13	14	2	1	18	11	25	10	5	3	7	4	5	10	5	12	6	13	7	13	4	0	67	6	77	10	81	11	68	7	3	6	29	8	24	10	26
15	2	1	10	94	5	5	1	7	2	7	8	7	12	8	14	5	9	5	5	56	6	75	9	73	10	67	14	66	10	3	1	7	4	5	8	7	4	4	9	24	11	26	13	34	14	24	13	3	3	31	8	29	13	28	6	1	6	91	7	4	2	56	6	76	9	82	11	70	0	1	14	106	1	3	0	101	8	95	9	102	3	4	2	54	6	50	11	55	13	53	14	5	3	89	4	62	5	63	12	80	13	90	12	2	6	45	9	29	8	1	14	58	11	4	1	21	4	23	13	31	14	34
15	3	3	1	38	12	35	14	46	6	4	1	44	8	48	10	55	12	64	13	3	1	14	9	12	10	12	8	5	2	70	4	78	9	58	12	52	13	71	1	2	4	90	8	81	5	5	4	13	7	14	10	15	12	15	13	10	12	5	2	51	4	55	5	62	7	48	11	59	4	4	0	17	2	23	5	15	9	23	9	3	8	25	10	29	12	27	0	2	3	4	13	4	11	5	1	41	7	56	9	46	11	63	13	53	7	4	5	62	9	74	12	48	14	47	14	5	6	64	8	46	10	58	11	42	13	68	10	5	0	32	1	42	4	35	5	50	7	34	2	2	4	43	9	43
15	14	4	2	49	9	34	10	38	12	48	10	1	13	61	5	3	2	89	3	78	13	76	11	3	0	14	3	12	14	12	12	1	1	19	0	4	1	44	3	34	12	53	13	41	9	2	0	32	14	31	6	3	0	41	3	54	7	63	2	4	0	53	11	77	13	65	14	61	1	3	5	60	9	87	12	76	8	1	11	73	7	1	7	112	4	1	1	43	13	1	5	28	3	3	0	90	3	80	13	93
15	7	1	9	51	0	1	4	37	4	5	0	66	4	63	5	88	8	68	14	57	5	1	7	85	9	4	1	36	2	39	11	54	12	33	10	3	5	51	7	36	9	45	12	2	0	94	10	79	13	3	3	84	11	103	13	97	8	3	4	85	7	95	9	97	6	2	3	21	9	20	11	3	0	48	4	53	8	35	14	2	11	32	14	35	3	5	3	56	6	55	11	51	12	66	13	72	2	1	9	60	1	4	3	98	7	110	8	82	11	104
15	3	2	6	27	12	19	4	2	1	67	2	100	0	3	2	62	10	55	12	79	2	3	4	51	7	42	13	44	10	3	1	85	10	73	11	89	12	1	1	18	8	5	4	74	5	74	8	103	9	64	13	100	5	3	4	26	5	25	7	18	9	5	0	57	1	65	3	62	5	62	13	56	7	3	7	71	12	60	14	80	6	2	2	72	10	107	11	4	0	9	3	8	5	13	10	13	13	2	3	30	6	34	1	4	2	28	5	37	8	26	9	24	14	1	11	95
15	3	1	5	69	7	2	3	98	14	70	0	1	8	107	1	2	2	33	10	31	10	5	2	34	3	37	4	35	13	35	14	33	12	5	3	68	5	74	12	63	13	86	14	77	5	1	9	73	6	3	2	60	10	71	14	55	14	3	2	18	9	21	10	22	9	3	2	51	8	47	10	42	8	5	0	54	2	89	3	79	4	64	13	67	13	4	1	117	8	103	9	109	13	80	11	2	2	13	5	16	2	2	5	62	11	58	4	2	2	51	5	34
