10	10	10
10	9	5	4	12	5	10	6	11	7	13	8	12	8	4	1	102	2	84	4	114	5	115	0	5	2	58	3	57	5	48	6	44	8	53	7	4	0	63	3	80	7	77	9	69	6	3	1	11	5	15	9	13	5	3	1	85	2	78	8	56	3	5	1	53	2	52	4	59	5	64	9	70	2	3	3	105	6	111	9	73	4	5	0	9	4	9	6	8	7	10	8	8	1	4	0	72	3	50	4	70	6	76
10	8	5	1	51	2	52	3	63	4	62	9	53	9	1	1	57	0	2	0	102	7	98	7	4	2	71	6	88	8	55	9	62	5	4	1	55	2	55	4	56	6	49	4	5	1	12	3	9	4	12	8	11	9	7	6	1	7	22	2	5	1	42	3	37	4	43	6	41	8	50	3	2	4	42	5	38	1	1	6	45
10	9	2	6	34	7	35	8	3	1	54	5	53	7	33	7	1	0	30	6	3	0	62	6	69	7	62	4	2	2	77	8	84	5	4	1	86	5	65	6	69	7	73	3	2	3	32	5	30	2	1	8	15	1	4	0	5	2	4	6	7	7	6	0	5	0	16	1	24	4	25	5	26	9	16
10	0	2	0	20	5	15	1	3	0	51	5	55	8	55	3	1	0	57	2	3	3	55	5	57	8	57	6	4	0	18	4	24	5	26	7	25	4	5	0	5	4	4	6	5	7	7	9	4	5	2	4	75	5	50	7	3	0	34	1	22	2	30	8	5	0	83	1	97	3	71	6	81	7	93	9	4	2	26	5	32	6	22	8	25
10	0	1	5	88	1	2	6	43	8	38	7	4	0	32	1	23	2	22	5	32	5	3	1	13	6	15	8	15	4	1	0	32	6	1	1	67	3	1	3	59	2	1	3	78	8	5	2	44	4	44	7	32	8	38	9	47	9	1	9	57
10	9	5	1	81	2	60	5	55	6	69	8	57	8	1	0	38	3	4	2	13	5	15	6	14	9	11	7	1	3	50	5	2	3	57	9	75	4	1	8	18	6	1	9	70	2	2	7	28	8	31	1	3	1	25	2	24	5	15	0	4	0	84	4	115	5	121	6	90
10	8	1	0	20	9	2	0	64	8	65	6	5	0	40	1	42	2	38	3	33	7	49	7	2	0	72	1	63	5	4	1	27	2	18	3	29	8	26	3	1	6	14	4	1	3	93	2	5	1	11	5	17	6	13	8	18	9	11	1	2	4	71	5	105	0	3	4	13	6	12	9	15
10	9	4	0	55	4	54	5	63	6	63	8	5	2	92	3	102	5	69	6	77	7	79	7	1	9	99	6	4	2	20	6	12	7	18	8	20	4	2	0	25	7	24	5	3	0	78	1	88	3	72	3	3	7	23	8	35	9	22	2	5	0	24	2	30	4	30	6	25	9	25	1	1	9	75	0	3	4	35	7	23	8	21
10	9	5	1	59	2	68	3	87	7	67	8	79	8	1	2	68	2	4	1	66	4	70	7	79	8	91	4	1	3	13	5	5	1	69	2	75	3	75	4	75	9	76	3	2	0	43	5	30	6	5	2	71	3	113	5	94	6	98	7	94	7	5	0	42	2	41	4	28	7	35	8	28	0	4	0	32	2	31	6	39	9	35	1	1	4	69
10	0	3	1	6	3	3	8	5	1	1	8	23	2	5	0	18	4	15	5	23	7	24	8	24	3	4	2	15	3	12	4	11	8	9	4	3	7	109	8	73	9	112	5	5	2	47	3	55	4	73	6	74	7	53	6	4	1	98	4	96	6	91	9	114	7	4	2	24	3	26	7	25	8	31	8	4	0	85	1	96	2	88	9	75	9	4	0	54	1	67	8	53	9	53
