20	10	10
10	3	2	1	15	9	23	2	5	2	32	4	30	6	29	7	29	9	23	1	3	0	44	3	32	8	30	4	1	3	11	0	1	8	27	8	3	4	44	6	44	8	43	9	5	0	39	4	38	5	49	7	32	9	42	5	4	0	49	4	67	6	44	9	65	7	1	4	86	6	3	2	93	3	75	7	75
10	2	1	6	56	0	5	0	37	2	33	4	33	6	28	7	26	4	3	0	1	7	0	9	0	3	2	0	3	7	3	1	4	2	73	4	63	6	60	9	55	7	2	0	58	3	82	5	2	1	2	5	1	9	2	5	93	7	83	6	5	1	24	3	29	5	38	6	29	8	35	8	3	0	8	3	8	7	10
10	4	5	1	62	4	91	5	89	8	87	9	66	3	2	0	92	9	98	0	3	3	89	4	99	7	70	2	2	5	65	6	44	1	1	7	57	8	3	0	63	1	62	6	80	6	4	2	88	4	71	6	59	9	57	7	5	1	98	3	76	4	103	6	95	8	83	5	1	0	44	9	3	2	68	4	76	8	76
10	2	5	0	69	2	61	3	85	4	69	8	81	3	3	3	11	4	14	7	18	1	2	2	28	6	23	0	2	0	15	5	16	4	4	0	30	6	37	8	31	9	22	8	1	2	37	7	5	0	71	1	83	3	70	5	69	8	85	6	3	2	89	4	62	5	92	5	2	0	43	8	64	9	4	2	78	3	56	5	51	7	56
10	4	3	0	85	5	72	9	90	3	1	9	78	1	2	8	92	9	91	0	2	2	30	3	46	2	3	3	113	4	106	9	86	9	1	1	114	5	4	0	50	3	40	5	41	9	49	8	3	0	17	2	16	7	18	7	4	0	8	1	8	4	6	5	6	6	2	2	60	7	71
10	1	5	0	70	1	63	4	68	6	64	9	54	0	2	5	48	9	38	2	2	0	19	9	16	3	3	2	61	7	64	9	53	4	1	4	6	9	4	1	68	2	77	4	85	9	68	5	3	0	45	4	68	7	72	8	3	2	32	6	26	8	32	6	5	0	94	1	76	2	92	6	88	7	89	7	1	8	35
10	0	2	0	103	7	93	1	5	0	88	1	75	3	61	6	72	8	60	4	2	4	42	6	34	3	1	5	71	2	5	2	41	5	47	6	42	7	45	8	38	7	2	0	71	8	66	8	4	1	18	3	19	6	16	7	19	6	1	9	38	9	4	2	66	3	75	4	71	9	93	5	5	1	55	2	50	6	50	7	46	9	34
10	4	5	1	72	2	80	5	66	7	69	9	83	2	5	0	22	4	16	5	26	6	16	8	27	0	1	0	69	3	2	6	63	8	55	1	2	8	65	9	60	5	4	2	18	3	19	7	26	8	23	8	1	4	21	6	2	0	71	5	56	9	4	0	51	6	38	7	35	9	36	7	3	1	21	4	32	7	29
10	3	1	8	14	0	3	1	70	2	96	6	85	1	1	1	63	4	4	0	8	1	8	6	5	8	6	2	2	1	7	4	6	5	5	0	9	1	9	2	10	3	6	9	8	6	3	0	12	2	10	3	7	7	2	5	18	7	17	8	1	3	33	9	4	0	63	4	66	6	78	8	50
10	3	1	7	9	0	5	0	12	1	9	3	9	4	9	6	9	1	3	5	2	7	2	9	3	4	4	4	36	5	32	6	34	9	45	2	5	1	3	5	2	7	2	8	3	9	3	7	2	3	43	9	30	8	4	1	51	2	51	5	45	9	52	5	1	0	57	9	2	0	73	3	102	6	3	0	16	4	16	8	9
10	4	1	6	57	1	1	7	67	3	3	1	75	5	58	6	65	2	3	2	15	3	11	8	11	0	4	1	32	3	44	4	31	5	37	5	5	2	1	5	2	6	1	7	2	8	1	7	2	0	60	1	48	6	4	0	74	3	65	6	79	8	74	9	4	1	15	3	21	5	16	7	16	8	5	0	58	2	56	3	50	4	72	7	68
10	2	4	4	75	5	52	7	59	8	80	1	5	0	76	1	79	2	81	3	72	9	62	3	4	2	23	5	17	6	25	9	26	4	2	6	75	8	66	0	5	1	62	3	82	6	91	7	84	8	97	7	1	0	81	6	4	0	35	3	29	4	27	6	28	9	2	2	27	5	20	8	2	1	18	6	22	5	4	0	61	6	62	8	58	9	59
10	1	3	0	4	3	6	5	3	3	4	1	76	4	92	5	76	6	69	4	4	1	5	3	7	7	5	8	7	0	4	0	63	2	84	5	78	7	67	2	2	2	73	3	71	7	5	0	13	1	12	2	12	3	16	4	9	5	3	1	13	4	14	6	18	9	1	3	85	6	4	2	62	5	91	6	69	7	91	8	4	0	42	4	39	6	56	8	50
10	0	2	0	91	6	100	3	5	1	105	4	87	5	80	6	75	7	74	1	4	1	24	5	25	7	30	9	19	2	2	4	42	9	57	4	5	0	97	4	86	5	101	7	112	9	113	7	4	2	71	4	91	7	79	9	97	5	4	0	30	2	38	4	42	7	29	6	3	1	68	8	74	9	55	8	1	4	22	9	1	1	107
10	4	5	0	57	1	65	3	62	5	60	7	56	0	3	1	52	5	50	6	47	3	4	4	52	5	47	7	60	9	61	2	3	1	22	2	29	3	18	1	2	1	50	3	39	7	1	0	27	6	1	0	38	5	5	1	101	3	118	7	94	8	79	9	92	8	4	0	109	1	93	6	66	9	91	9	4	1	38	5	48	6	40	9	37
10	1	2	6	87	9	61	2	5	0	36	4	53	5	48	7	56	9	42	3	4	3	80	6	62	8	63	9	56	0	4	1	8	2	5	4	5	6	7	4	3	3	83	5	90	8	85	7	1	6	94	6	2	1	2	8	2	9	1	4	24	8	4	1	40	6	43	8	52	9	39	5	5	2	56	3	43	5	37	6	37	7	60
10	0	3	3	99	5	82	8	92	4	4	1	23	3	19	4	18	7	29	2	5	1	7	2	10	3	8	4	12	5	10	1	5	1	15	2	25	3	21	5	23	6	18	3	3	1	83	2	98	4	95	8	5	1	4	4	6	6	7	7	4	9	4	7	3	0	68	2	66	8	54	5	3	5	63	7	68	8	70	9	1	5	81	6	1	8	72
10	2	4	0	86	3	105	6	67	8	63	1	4	4	31	7	34	8	38	9	26	0	1	6	86	4	5	1	86	3	75	4	96	5	100	8	83	3	4	4	8	5	13	6	10	7	13	5	1	9	15	9	2	5	8	7	5	6	1	6	46	8	5	0	50	3	45	4	40	5	48	7	61	7	5	2	92	3	69	6	107	7	92	8	102
10	1	2	2	29	9	32	0	5	0	74	2	88	4	96	5	67	8	85	4	3	0	11	4	10	7	10	2	3	1	25	8	33	9	31	3	3	1	2	4	1	8	1	5	1	9	106	7	2	2	4	8	3	9	4	1	40	4	45	5	42	6	44	6	1	3	42	8	5	1	40	2	42	3	43	4	45	7	44
10	1	3	5	34	8	42	9	42	2	1	6	14	3	5	1	33	4	32	6	23	7	23	8	29	0	2	5	21	6	22	4	2	5	27	6	19	7	3	1	17	2	20	9	17	5	2	5	5	7	6	9	1	3	75	8	2	1	93	4	68	6	4	1	11	2	12	6	9	8	12
