20	5	5
5	3	1	1	74	0	1	2	69	1	1	0	68	4	1	3	95	2	2	2	72	3	82
5	1	2	0	43	2	50	0	2	3	45	4	50	2	1	4	39	3	2	0	32	2	41	4	1	1	5
5	3	2	1	17	4	18	1	1	2	46	0	2	1	114	4	73	2	1	4	22	4	2	0	55	2	49
5	2	2	3	40	4	30	0	2	1	58	2	44	3	2	2	19	4	23	1	2	1	36	3	26	4	2	3	34	4	45
5	2	1	0	74	3	2	0	31	2	28	1	2	0	28	3	22	0	1	3	31	4	2	1	17	4	25
5	1	1	3	97	3	1	1	30	2	1	3	101	0	2	1	35	3	38	4	2	1	3	3	3
5	3	2	1	71	3	80	1	1	2	42	2	2	2	9	3	10	4	2	0	36	1	31	0	1	4	59
5	4	2	2	15	4	12	3	2	0	26	1	38	1	1	4	50	2	1	4	78	0	2	0	33	3	42
5	0	2	1	56	2	52	1	1	3	50	2	2	0	43	4	51	3	2	1	88	2	90	4	2	0	8	2	5
5	0	2	1	83	4	82	4	1	4	31	2	2	3	49	4	79	3	1	1	12	1	2	0	19	1	27
5	0	1	4	67	3	2	0	66	1	83	1	2	1	80	2	60	2	1	1	79	4	2	0	20	3	16
5	3	1	2	64	2	2	2	38	3	38	4	1	1	10	1	2	1	61	2	51	0	1	2	19
5	2	1	4	58	1	1	3	71	3	2	2	97	3	75	4	2	3	71	4	70	0	1	3	50
5	2	1	0	70	4	2	0	57	1	41	0	1	2	12	1	2	2	58	4	56	3	1	4	83
5	2	2	1	50	4	39	4	1	3	48	3	1	2	79	1	1	0	97	0	1	3	82
5	4	1	4	43	3	1	4	22	2	2	1	24	3	25	0	1	4	75	1	1	2	36
5	1	1	3	11	0	2	1	76	2	64	3	2	1	7	3	8	4	2	2	57	4	58	2	2	3	12	4	14
5	4	1	4	40	3	1	3	82	0	1	0	75	1	1	3	83	2	1	4	62
5	3	1	2	97	1	2	2	63	4	59	2	2	3	95	4	87	0	2	3	53	4	61	4	1	1	51
5	0	1	3	45	1	1	1	106	2	1	3	38	4	1	3	73	3	2	1	36	3	37
