10	10	10
10	1	4	1	15	2	19	6	24	8	21	6	5	0	77	2	67	3	58	5	73	8	87	9	5	2	15	6	14	7	15	8	20	9	19	8	5	0	47	1	64	5	61	7	45	9	49	7	4	1	30	2	28	3	28	8	30	2	2	8	39	9	25	0	3	3	48	5	52	8	41	4	1	6	24	3	4	2	47	3	67	7	51	8	54	5	2	5	103	7	73
10	4	4	0	66	3	59	4	45	7	59	2	1	1	37	5	1	9	90	9	4	2	63	4	61	5	82	8	59	0	5	0	15	2	13	3	10	7	11	8	10	7	2	6	68	9	52	1	4	2	33	4	47	5	45	8	37	8	1	2	90	6	2	3	63	4	85	3	1	5	40
10	3	4	0	31	1	26	2	28	6	37	2	3	1	76	5	65	8	74	8	3	2	46	7	47	8	54	1	2	1	22	2	17	4	5	1	106	3	96	4	83	8	82	9	79	9	3	1	90	6	84	7	82	7	5	1	36	2	35	3	32	7	43	8	32	6	3	1	61	7	55	8	57	0	3	1	64	5	75	6	101	5	5	1	36	3	27	7	38	8	33	9	43
10	1	5	0	103	1	79	2	89	6	66	8	74	3	4	0	61	1	74	6	63	8	83	2	2	6	98	7	105	7	4	0	29	1	34	5	34	9	37	8	1	7	30	9	1	7	86	6	1	4	30	0	2	1	110	6	83	5	2	0	63	7	77	4	3	2	46	5	61	7	54
10	2	4	1	116	4	121	5	87	7	108	0	5	2	48	4	46	5	44	7	38	9	55	5	5	1	29	4	21	5	26	8	18	9	27	6	5	1	78	2	86	3	76	4	58	7	74	7	5	1	34	3	38	6	53	8	46	9	36	1	2	8	44	9	58	4	3	5	74	6	87	9	92	9	4	0	60	4	85	5	68	7	66	3	2	7	14	9	15	8	4	2	73	6	98	8	67	9	70
10	2	3	3	37	4	33	5	30	3	4	2	91	3	91	4	60	5	77	5	1	4	22	9	1	4	9	4	4	0	49	3	52	7	56	9	67	6	1	5	6	0	5	0	97	2	107	4	113	5	113	9	112	8	4	1	33	2	29	3	39	8	30	1	5	0	7	1	5	2	6	5	8	9	7	7	2	4	76	9	92
10	3	1	7	18	2	3	0	48	7	65	9	50	0	4	1	42	4	57	6	34	7	41	1	4	0	96	1	111	2	85	5	78	9	3	6	39	7	45	8	49	8	4	1	37	2	62	3	43	6	60	6	3	0	55	1	50	5	57	5	1	7	64	4	3	1	30	7	35	8	28	7	5	1	21	2	22	3	28	5	31	6	25
10	1	2	3	37	4	35	0	1	0	87	3	3	3	41	7	39	8	47	4	2	7	24	8	18	6	2	6	44	9	63	9	1	8	48	8	2	1	17	4	16	5	4	1	6	5	10	7	7	9	8	2	3	0	33	7	46	9	44	7	5	0	58	1	60	5	58	6	87	8	79
10	4	2	5	33	8	36	2	3	0	43	1	38	6	39	8	5	1	69	2	62	4	81	6	71	9	75	5	3	0	26	6	34	8	37	3	3	1	30	2	21	8	30	7	2	1	10	4	8	1	1	5	22	6	1	9	98	9	4	2	32	3	40	8	36	9	36	0	1	4	87
10	8	3	0	80	2	74	9	67	9	3	3	85	4	96	5	92	2	4	0	114	2	81	6	73	7	102	4	1	2	72	3	2	4	24	5	28	0	3	1	86	6	54	9	61	7	2	5	47	7	45	6	4	0	82	2	87	4	93	9	76	1	4	0	73	1	70	2	62	6	67	5	3	0	65	5	67	8	85
