10	5	5
5	1	2	2	76	4	74	0	2	0	79	4	73	4	1	4	105	2	2	1	78	3	61	3	2	1	46	2	69
5	4	1	1	3	3	1	3	34	0	1	1	36	2	1	2	45	1	2	2	50	3	60
5	1	1	4	43	3	2	1	21	3	17	2	1	4	23	0	2	1	89	4	98	4	2	0	50	2	58
5	0	1	0	54	3	1	0	15	4	1	3	52	1	2	0	34	1	41	2	2	2	30	3	30
5	4	2	0	20	2	17	2	2	0	85	3	84	3	2	0	31	1	29	1	2	2	18	3	28	0	1	4	28
5	3	2	0	30	1	23	0	1	4	47	4	1	4	6	1	2	2	61	3	73	2	1	2	85
5	0	1	0	66	3	1	2	66	1	1	4	38	4	1	3	32	2	1	0	14
5	4	1	3	11	2	1	3	86	3	2	0	33	4	24	1	2	0	45	3	54	0	2	0	31	2	36
5	2	1	4	59	3	1	3	75	1	1	2	42	0	2	1	40	4	43	4	1	4	7
5	2	1	3	61	3	1	0	13	0	2	0	84	1	99	4	2	0	23	3	23	1	1	3	28
