30	10	10
10	2	2	6	44	8	47	4	2	7	64	8	88	9	5	0	10	1	14	2	15	3	14	6	11	5	2	1	88	9	84	0	2	3	61	9	58	1	1	0	23	8	5	1	17	2	10	6	16	7	15	8	14	6	5	0	63	4	61	5	80	6	54	7	60	7	2	3	37	4	49	3	2	2	12	7	10
10	0	3	0	52	5	50	9	39	5	5	1	46	2	30	3	41	6	38	8	46	1	4	0	85	1	93	2	82	7	71	3	5	0	63	2	70	4	62	5	65	6	77	2	1	3	104	4	5	1	65	2	51	3	54	4	72	9	64	6	5	1	82	2	95	4	99	5	95	9	104	8	3	0	79	2	96	8	94	9	4	1	86	6	96	7	102	8	88	7	5	0	85	2	59	3	80	7	67	8	76
10	6	3	4	38	6	43	9	54	4	4	1	10	3	9	5	7	6	8	8	1	6	50	7	3	4	6	5	7	8	7	2	2	0	16	5	16	3	2	6	39	8	48	5	4	0	63	1	73	2	52	8	58	0	5	2	45	4	50	7	32	8	49	9	47	1	4	4	80	7	81	8	70	9	87	9	5	0	5	1	6	4	5	6	3	7	6
10	5	2	5	22	6	20	3	5	0	61	2	64	6	59	7	70	8	77	6	5	0	43	3	46	4	36	5	30	9	32	4	1	2	45	8	4	2	46	6	51	8	53	9	46	2	5	3	33	4	39	6	49	8	36	9	32	9	1	4	80	7	5	1	120	3	76	5	92	6	80	9	96	1	1	5	7	0	5	0	91	3	87	4	90	6	74	8	77
10	3	1	8	67	5	3	4	3	5	3	8	5	2	1	6	74	8	1	1	48	7	3	2	21	5	22	6	21	6	5	0	65	2	55	4	61	5	66	7	66	1	5	3	44	6	36	7	36	8	41	9	55	9	4	0	36	1	38	4	30	6	38	4	1	2	35	0	3	0	7	4	8	8	8
10	2	1	6	76	7	4	1	36	4	32	5	32	9	29	3	2	8	84	9	88	0	5	0	65	3	73	5	76	8	82	9	97	4	4	2	24	4	19	6	21	7	31	1	4	1	66	3	49	4	56	9	43	8	2	6	7	8	7	9	1	7	54	5	4	0	59	1	62	2	59	5	84	6	1	2	46
10	9	4	1	24	6	31	7	30	9	36	3	1	2	97	6	1	1	14	4	1	5	111	7	5	2	92	4	70	5	107	7	74	9	101	5	4	2	24	6	21	7	19	8	18	0	3	0	73	5	114	6	87	8	4	0	46	1	55	7	52	9	64	1	3	0	7	2	5	9	8	2	5	0	57	5	68	7	74	8	55	9	78
10	3	1	6	79	2	2	5	75	7	79	6	1	5	61	8	4	1	53	6	37	7	53	8	40	1	1	3	35	7	1	6	93	0	2	3	67	8	54	5	4	3	26	4	36	7	27	9	26	9	4	0	75	2	61	7	70	9	48	4	1	9	29
10	4	1	2	9	5	4	5	55	6	66	8	71	9	51	9	5	0	99	2	71	3	80	6	86	9	83	3	5	3	19	4	12	5	19	6	13	7	12	7	5	4	92	5	89	6	97	8	112	9	68	1	1	9	32	0	5	1	60	3	52	4	56	6	72	7	71	8	1	4	69	2	1	1	41	6	5	0	53	1	55	2	53	4	54	6	33
10	5	2	0	13	8	9	2	4	2	29	3	28	5	25	8	31	0	4	0	40	5	37	8	27	9	36	7	1	6	42	8	4	0	27	2	23	5	25	6	38	4	3	3	36	5	57	8	54	3	5	4	21	5	16	6	19	7	25	9	17	6	4	0	63	2	42	3	59	7	65	9	1	2	34	1	2	1	49	2	37
10	5	4	1	14	3	20	4	18	9	12	3	2	1	27	4	25	6	3	2	43	5	51	6	46	1	4	1	96	2	66	5	98	6	86	0	2	2	105	3	95	8	5	2	22	4	15	5	22	6	17	9	15	7	4	1	75	3	57	4	68	9	61	9	1	8	54	4	4	2	7	4	7	5	11	8	8	2	4	1	88	5	89	8	91	9	83
10	8	5	1	84	2	72	4	80	5	70	8	72	5	2	0	5	7	7	3	2	4	32	7	21	1	5	2	94	4	80	7	71	8	87	9	103	4	3	3	69	4	91	8	69	6	4	0	73	3	56	5	58	8	70	2	5	0	19	3	16	6	16	7	12	9	15	0	1	3	15	9	4	0	10	5	11	6	11	8	11	7	3	1	39	3	54	9	51
10	1	4	1	31	2	34	3	35	9	45	9	3	5	17	6	16	7	14	4	5	0	44	1	31	7	35	8	43	9	40	6	2	3	94	4	101	7	2	0	13	3	12	3	2	0	27	8	38	2	4	0	11	1	17	3	13	8	15	0	3	0	21	1	19	8	19	5	4	5	77	6	80	7	54	9	50	8	5	0	43	1	38	4	35	6	46	9	32
10	5	4	0	29	2	31	5	27	9	37	8	1	4	76	2	3	2	85	7	87	8	101	1	3	1	95	3	66	7	66	6	3	5	32	6	34	7	39	3	4	0	107	1	88	5	81	7	75	9	5	0	86	4	117	5	74	6	88	9	102	4	5	1	85	2	81	3	113	5	88	7	75	0	5	0	10	4	6	6	9	7	6	9	7	7	5	1	56	4	44	5	46	6	63	9	58
10	7	4	5	6	6	8	7	6	9	6	0	4	2	54	4	36	5	58	7	36	9	4	0	53	2	72	4	51	7	59	4	2	5	80	8	74	6	2	2	23	4	22	5	5	1	48	3	32	5	42	7	43	9	40	8	2	4	22	8	29	3	5	1	105	3	106	4	68	5	91	8	69	1	3	3	46	4	31	6	35	2	5	0	74	4	70	5	83	6	66	7	66
10	9	4	2	55	3	74	7	59	9	76	8	1	1	45	3	3	0	26	2	28	7	21	7	5	0	64	3	64	4	92	7	92	9	62	2	1	7	83	4	1	9	17	6	1	6	33	0	1	4	97	5	5	0	70	2	92	3	65	5	91	9	91	1	1	0	50
10	2	5	2	17	3	16	4	18	7	16	8	13	3	4	0	60	2	88	6	82	9	81	4	3	0	48	7	49	8	48	7	4	2	17	6	22	8	16	9	25	8	3	3	43	7	54	8	47	0	3	3	62	4	48	9	46	9	3	0	63	7	68	8	48	1	4	0	29	4	27	7	18	9	22	6	4	0	39	2	55	6	58	9	51	5	3	3	45	4	41	6	47
10	4	3	2	73	6	59	7	88	7	5	2	40	5	48	6	38	7	42	9	33	1	1	8	36	2	4	0	38	3	35	4	24	6	34	8	1	4	79	6	4	2	22	3	25	5	18	9	23	5	1	2	74	3	2	2	77	5	68	9	4	0	3	1	5	4	5	6	6	0	1	3	34
10	2	3	3	14	4	11	8	12	7	4	0	63	2	47	5	53	8	50	9	4	0	78	1	89	5	83	6	63	5	2	7	70	8	62	1	5	1	22	5	30	6	29	7	26	8	31	6	1	4	108	0	1	1	38	3	3	5	43	7	37	9	45	8	1	1	66	4	4	5	45	6	49	7	49	9	37
10	9	5	1	21	3	23	4	17	5	28	8	24	1	2	7	13	9	12	8	4	0	35	3	42	4	28	8	27	4	5	0	64	1	56	5	70	7	58	8	86	7	5	0	64	1	67	5	83	6	64	9	88	3	3	1	32	3	25	7	30	2	4	1	104	4	83	8	114	9	113	0	5	1	3	3	5	4	6	8	3	9	6	6	5	2	7	3	7	5	7	6	8	8	8	5	3	1	45	4	65	5	69
10	0	1	2	84	2	3	1	17	3	16	7	15	8	1	8	9	3	4	1	58	5	61	6	82	9	63	6	2	1	41	2	33	7	5	1	35	5	35	6	30	8	40	9	41	1	5	0	6	1	11	5	11	7	11	8	8	9	3	6	93	7	95	8	101	4	3	3	65	5	74	9	79	5	5	3	53	5	48	6	56	8	54	9	50
10	8	2	4	66	6	47	1	1	3	24	4	3	0	89	4	98	5	83	7	1	3	69	6	1	4	87	0	5	0	5	1	7	2	6	7	6	8	6	2	1	6	61	9	1	9	68	3	3	1	28	4	21	6	23	5	3	1	32	5	41	6	51
10	4	2	1	69	7	52	9	2	1	21	6	35	3	4	1	28	5	41	7	36	8	40	0	2	0	43	3	50	6	3	1	87	3	71	7	94	8	2	6	58	8	69	2	4	3	60	4	84	6	52	7	78	7	4	3	20	4	23	6	28	9	25	5	3	2	63	5	49	8	67	1	4	0	13	3	15	6	17	7	14
10	7	5	2	42	4	63	5	42	7	61	9	55	1	5	1	5	3	5	6	5	7	3	9	5	6	1	2	18	9	1	0	47	2	5	0	49	2	73	4	48	5	69	8	63	8	2	0	71	7	74	3	1	0	54	0	4	0	72	2	70	5	93	8	81	4	1	6	10	5	2	0	14	1	14
10	9	4	3	8	5	6	8	5	9	6	6	4	0	54	1	64	2	48	7	49	7	4	0	88	1	67	2	104	7	110	5	2	1	97	8	75	1	1	9	104	3	2	5	68	7	57	0	4	2	20	4	20	7	12	8	20	4	1	4	99	2	4	0	49	1	63	3	45	7	67	8	3	3	54	4	62	8	62
10	7	1	7	18	2	1	2	55	1	4	0	59	3	63	4	81	5	53	5	3	3	42	4	47	6	45	9	4	2	101	3	70	4	70	7	87	6	2	2	65	6	70	0	1	1	90	3	2	0	35	1	45	8	2	0	67	2	88	4	2	4	35	7	36
10	1	5	0	11	4	7	6	11	7	9	8	12	8	5	1	28	3	26	5	23	6	25	8	20	7	2	1	37	4	43	5	5	0	24	1	24	3	17	4	17	7	16	4	1	1	81	9	5	1	52	2	79	4	65	5	69	6	80	2	5	0	69	1	85	6	85	8	91	9	79	6	1	2	93	0	5	0	19	6	20	7	26	8	23	9	21	3	5	0	64	1	64	5	78	7	60	8	53
10	9	2	0	31	4	37	3	1	2	98	0	3	2	34	3	37	4	29	5	5	2	27	4	30	6	36	7	35	9	31	7	3	1	32	4	22	7	35	8	2	0	51	9	42	2	1	0	10	4	1	3	82	1	5	0	40	1	32	3	28	4	27	6	33	6	2	4	24	7	24
10	5	2	1	21	2	18	7	3	1	80	7	78	9	66	9	1	3	5	4	1	3	86	8	4	0	54	1	66	5	46	8	74	1	3	0	16	7	14	8	15	2	3	2	55	4	45	7	64	6	1	5	98	3	4	3	75	4	96	7	86	9	66	0	1	6	6
10	2	1	4	56	6	2	2	23	8	35	8	2	3	24	6	28	9	3	1	76	8	67	9	93	4	3	7	5	8	7	9	4	7	4	0	46	2	47	7	29	9	46	1	4	1	89	4	84	6	59	9	62	0	4	0	24	1	35	2	34	5	35	3	4	3	64	5	71	6	56	8	65	5	5	0	62	2	50	4	54	5	80	7	70
