30	10	10
10	6	2	5	99	9	103	1	2	1	70	7	50	4	3	1	108	3	81	9	119	2	4	2	49	3	37	4	35	9	44	8	2	7	67	9	68	3	2	0	3	9	5	0	1	6	11	5	4	1	44	4	61	6	45	8	50	9	4	0	72	1	112	2	101	8	120	7	2	3	77	8	70
10	7	2	5	35	7	27	2	4	0	90	3	62	4	81	7	63	9	3	2	90	5	91	7	67	4	2	4	13	5	13	1	2	4	95	7	108	5	2	4	32	6	43	8	4	2	68	4	51	8	47	9	62	0	5	1	79	2	75	3	62	4	68	6	59	3	4	0	68	3	86	4	67	6	105	6	5	0	21	1	22	4	20	5	16	6	21
10	2	2	1	56	4	38	5	4	0	68	4	74	8	59	9	55	0	4	5	45	6	32	7	48	8	50	3	4	0	67	1	80	6	74	9	82	1	5	0	55	2	49	7	54	8	43	9	37	6	5	0	18	6	22	7	23	8	27	9	17	4	5	2	8	3	12	5	8	6	12	9	12	8	3	4	31	7	27	8	27	7	4	0	93	4	81	7	68	9	86	9	1	5	92
10	4	2	5	10	9	11	6	1	6	77	7	3	4	47	6	59	9	55	0	1	0	55	2	3	0	14	1	20	2	15	5	3	0	59	7	59	8	80	3	4	4	7	6	5	8	8	9	5	1	1	3	108	9	5	0	40	2	36	5	31	6	28	9	38	8	2	2	40	8	45
10	0	2	0	72	5	54	6	1	4	67	4	1	8	10	1	4	0	69	1	77	6	100	8	100	2	4	2	88	4	93	7	112	8	116	3	5	0	66	3	77	4	61	5	84	9	56	9	1	4	19	8	4	0	13	1	14	5	13	9	18	5	5	0	52	2	50	5	52	6	54	8	37	7	2	0	62	3	57
10	2	2	4	31	5	33	6	1	9	81	3	2	1	66	3	85	5	4	0	99	1	94	2	81	6	91	1	5	1	46	5	53	6	63	8	68	9	67	8	2	6	71	7	65	0	2	1	56	5	64	9	3	2	6	3	5	9	5	4	5	1	59	3	52	6	52	8	65	9	49	7	3	2	80	7	82	9	71
10	4	3	3	29	6	21	8	19	3	1	8	27	1	1	0	54	5	1	1	6	6	2	3	73	5	101	7	4	0	58	1	49	2	50	7	54	8	5	1	52	4	47	5	48	7	56	8	53	9	4	2	44	3	38	4	38	5	45	0	5	2	88	3	85	4	118	5	78	9	118	2	1	8	68
10	1	4	0	8	5	6	6	7	9	9	7	5	0	69	1	80	4	62	6	64	9	74	3	2	1	83	2	89	4	4	2	31	3	22	4	34	9	27	6	2	2	102	6	63	9	2	0	58	5	85	8	5	1	46	3	51	4	38	5	41	9	36	0	1	5	34	2	1	6	45	5	5	0	18	1	15	2	17	7	18	8	13
10	3	1	1	15	8	5	0	35	2	25	3	27	4	28	5	29	0	3	2	59	5	70	6	72	2	2	7	69	9	79	1	5	1	96	3	81	4	95	8	80	9	65	5	4	0	76	1	109	8	106	9	98	4	1	7	42	9	2	0	31	8	48	7	5	0	13	2	14	6	13	7	14	9	15	6	5	0	73	3	66	5	95	6	67	8	72
10	0	3	3	39	8	48	9	59	2	1	3	4	3	4	4	6	5	5	6	6	7	5	5	5	3	83	5	83	6	101	7	66	9	84	6	3	0	76	1	77	3	64	9	3	0	70	2	93	9	72	8	5	0	45	5	52	6	45	7	48	8	64	4	3	6	46	7	49	9	44	7	4	1	32	3	36	6	38	9	30	1	3	2	27	4	24	9	19
10	8	3	1	46	2	59	5	71	1	3	4	38	6	33	9	39	4	4	0	83	3	60	4	67	8	57	7	5	0	75	1	72	3	59	4	57	6	52	0	4	0	64	5	76	6	66	9	74	5	1	7	29	9	2	4	5	7	4	3	2	6	51	8	47	2	4	2	53	5	82	6	53	8	69	6	2	1	74	8	113
10	2	4	0	87	3	64	5	84	8	60	3	2	1	8	3	9	7	2	0	86	4	92	4	3	0	6	1	7	5	7	1	5	0	85	3	69	4	75	7	88	9	65	8	1	4	62	9	4	2	81	5	92	7	70	8	110	0	1	8	87	5	3	6	78	7	76	9	101	6	3	2	54	8	47	9	75
10	7	4	0	62	2	54	4	44	9	61	4	1	0	31	3	2	0	28	8	33	1	4	0	70	4	70	5	82	9	58	2	1	7	33	8	4	1	51	5	48	8	59	9	41	9	2	0	13	6	12	6	3	0	87	1	108	2	110	5	1	3	35	0	2	1	44	2	44
10	4	2	6	73	7	57	5	4	3	33	5	46	6	35	8	35	0	2	3	93	5	87	2	5	0	15	1	10	2	12	5	15	6	14	6	4	1	65	3	52	5	57	7	69	3	1	1	117	1	1	4	5	7	3	2	78	4	71	5	71	9	3	1	64	4	55	6	57	8	4	1	57	3	45	8	57	9	54
10	6	3	1	58	8	44	9	50	2	4	1	42	2	43	3	49	7	33	0	5	0	68	1	61	3	79	7	57	8	77	7	2	6	54	8	52	9	2	2	60	7	44	8	4	0	77	1	91	3	81	8	82	3	4	1	70	4	68	6	68	9	54	5	2	7	63	9	40	1	5	2	16	3	15	4	16	7	20	8	14	4	1	4	64
10	7	5	2	76	5	87	6	90	7	61	9	77	9	5	4	67	5	79	6	95	7	95	8	98	0	4	0	57	6	83	8	82	9	78	6	4	1	46	2	52	4	57	6	74	4	5	1	78	2	62	3	81	6	78	9	59	8	1	4	22	2	3	1	55	2	70	5	88	5	5	1	23	2	23	4	21	5	22	6	19	1	2	5	55	7	52	3	2	6	92	9	80
10	6	3	2	29	4	28	8	27	8	3	0	62	6	65	8	64	3	2	5	37	7	33	0	1	8	70	1	1	6	12	4	4	1	75	4	108	5	88	6	71	5	1	1	90	9	1	6	32	2	4	0	93	2	74	3	91	8	92	7	4	0	53	4	69	7	55	9	65
10	1	2	3	39	6	33	3	1	1	88	5	4	0	18	3	14	5	15	6	17	4	3	6	75	7	68	8	84	0	5	1	7	2	8	4	7	7	6	8	5	2	1	6	94	6	3	3	69	8	102	9	73	8	5	2	68	3	72	7	75	8	54	9	45	9	1	9	39	7	2	7	31	9	30
10	1	5	0	79	6	94	7	80	8	88	9	81	7	5	1	50	2	37	3	33	6	45	7	39	4	2	4	88	5	89	6	4	1	102	3	104	6	101	8	100	5	2	2	14	6	14	0	2	2	32	3	47	8	5	0	73	4	86	5	117	7	86	8	93	3	3	5	55	6	73	9	61	9	4	0	17	2	17	3	21	7	22	2	5	0	37	1	39	2	33	7	34	9	34
10	7	5	2	109	5	114	6	86	8	85	9	87	2	4	1	101	3	100	5	88	7	76	8	1	4	117	5	5	0	99	3	78	5	114	7	116	9	114	1	4	0	18	5	23	6	17	7	18	6	2	3	38	8	38	3	4	3	69	4	80	6	69	9	76	0	2	3	115	9	106	9	4	0	28	1	27	2	23	9	23	4	3	1	91	2	82	9	79
10	8	4	1	33	4	27	7	27	8	29	0	5	1	6	2	5	3	5	4	5	6	7	4	4	4	47	5	52	8	61	9	52	5	4	0	18	1	15	3	17	7	16	9	3	4	89	7	75	8	64	1	4	1	96	3	97	4	100	9	93	7	5	0	41	2	42	3	49	4	33	5	30	6	1	6	11	3	4	3	40	4	27	8	29	9	41	2	3	0	38	7	38	8	40
10	6	5	1	14	2	13	7	11	8	12	9	16	2	4	0	68	6	56	8	64	9	83	8	2	0	18	2	28	1	5	0	56	1	34	5	35	6	38	9	37	9	1	4	69	4	3	1	50	3	67	9	59	7	2	3	26	9	15	0	2	5	91	7	76	5	1	5	80	3	4	0	49	2	65	6	44	8	61
10	8	3	5	30	6	26	8	24	7	3	2	68	7	94	8	96	5	1	8	39	3	3	0	20	7	23	9	21	2	4	2	92	3	91	7	71	8	81	4	4	0	96	5	72	6	98	7	110	9	1	2	25	1	5	2	39	4	54	6	41	7	38	9	51	0	3	6	42	7	35	8	35	6	4	0	80	4	63	6	96	9	98
10	4	5	0	87	1	84	4	94	7	97	9	93	0	5	1	6	3	8	5	7	8	10	9	9	9	5	1	42	3	36	4	49	6	41	8	37	5	2	3	68	6	56	7	5	0	43	4	54	5	58	7	65	9	56	3	1	4	34	2	3	1	26	2	32	3	26	8	1	0	88	6	2	0	63	4	81	1	3	0	76	2	88	8	89
10	9	1	5	66	0	1	2	104	3	3	0	54	2	44	8	41	8	3	6	90	8	63	9	82	1	5	1	13	2	12	3	14	6	17	7	15	6	4	1	44	4	44	6	30	8	46	2	2	0	53	1	83	5	2	1	65	2	65	4	3	2	87	6	74	7	99	7	3	1	5	7	8	9	7
10	7	2	2	38	4	31	3	2	4	47	8	56	4	2	8	54	9	63	5	3	1	63	2	75	9	81	2	1	1	10	6	2	4	9	7	9	0	2	3	34	7	56	9	3	3	11	6	9	9	12	1	4	2	27	3	25	4	27	7	35	8	2	0	94	9	116
10	0	2	4	27	6	26	3	4	3	103	4	94	6	95	8	87	2	2	0	80	5	83	7	3	3	28	6	26	7	22	8	5	0	101	1	84	4	86	7	107	8	72	5	2	6	99	7	79	9	5	1	96	6	75	7	107	8	108	9	92	1	3	3	117	4	109	7	97	6	4	0	75	1	75	2	118	9	85	4	1	0	73
10	9	3	0	36	3	38	5	32	1	5	1	108	2	90	4	112	7	103	9	94	3	4	0	98	1	84	5	78	8	104	6	2	0	73	2	66	2	3	1	48	2	33	3	36	8	4	2	34	6	38	7	30	9	35	7	3	1	114	6	78	9	91	0	4	1	57	2	60	6	69	7	50	5	3	1	57	2	67	7	66	4	3	0	48	4	56	6	50
10	4	4	3	78	5	112	6	95	9	107	2	3	0	14	5	13	9	13	5	1	8	16	6	2	7	26	9	33	8	5	2	34	3	34	4	48	6	51	9	37	7	3	5	77	7	62	8	70	3	2	2	54	9	56	1	2	6	6	7	5	0	3	4	99	5	87	9	89	9	2	3	58	6	55
10	2	4	2	74	4	59	5	62	9	46	5	1	8	26	9	5	2	75	4	56	6	56	7	60	8	79	8	4	0	45	2	35	4	51	5	50	0	4	2	19	4	20	6	16	9	18	6	4	0	91	1	74	2	72	9	71	3	5	2	78	6	52	7	81	8	56	9	63	7	1	1	34	1	5	0	72	2	103	3	99	4	87	9	64	4	3	3	112	4	109	5	89
