15	15	15
15	4	2	1	25	9	19	3	4	4	48	9	67	10	68	11	52	6	1	2	62	14	1	10	77	10	1	8	14	2	1	12	42	9	1	12	20	1	4	1	15	5	16	9	20	10	18	0	2	0	46	3	53	7	4	1	30	3	19	6	26	8	30	8	3	4	48	12	46	14	57	5	1	4	83	12	4	0	29	4	35	8	23	9	27	11	5	1	52	2	39	3	33	7	33	8	52	13	1	2	43
15	11	2	1	50	4	55	4	1	13	71	1	1	9	87	7	3	0	48	2	70	4	52	8	3	1	28	6	32	13	34	14	5	4	66	7	60	9	66	10	79	12	87	12	3	1	45	7	46	11	50	0	3	0	52	6	45	13	44	3	5	1	81	4	74	7	90	12	78	13	68	6	2	8	18	11	23	9	1	8	41	5	4	1	94	4	59	7	73	12	63	10	1	7	88	13	3	0	49	4	57	6	69	2	3	1	56	2	77	4	61
15	9	4	1	81	5	88	7	87	9	74	5	4	4	64	12	58	13	59	14	89	2	5	2	79	5	105	7	74	9	72	11	82	7	3	6	43	11	38	13	43	4	3	0	72	3	46	6	55	12	2	6	79	14	77	0	4	2	71	5	71	6	115	11	107	13	4	1	18	2	13	3	12	14	12	6	1	3	40	10	5	0	49	1	40	4	42	7	48	8	46	3	1	2	66	11	1	2	43	8	4	2	23	8	18	10	19	13	18	1	5	0	87	3	65	6	106	7	82	11	81	14	3	1	21	3	29	5	22
15	5	2	2	70	4	73	0	1	5	88	9	4	2	24	4	35	9	32	12	27	6	1	2	6	4	3	1	118	12	102	14	106	13	2	3	38	13	36	7	1	9	39	8	3	9	72	13	59	14	70	11	3	0	8	8	7	12	6	12	3	3	83	13	114	14	98	2	1	4	41	1	4	1	64	6	56	8	76	10	80	10	3	9	58	10	72	12	68	14	5	2	12	5	10	6	11	10	11	13	9	3	3	0	91	7	74	13	77
15	10	1	1	107	4	2	11	29	13	21	8	1	5	49	2	2	2	49	8	69	0	5	0	35	2	51	7	53	11	39	12	50	11	1	3	40	14	3	0	8	5	8	7	7	9	2	0	33	4	32	6	5	0	46	2	58	4	41	5	47	14	59	7	5	0	21	1	32	4	27	6	21	11	26	1	5	0	93	8	107	10	88	12	74	13	91	13	4	3	31	7	40	10	35	12	50	3	5	0	14	2	12	6	20	8	15	11	12	5	5	2	53	6	66	8	70	10	62	14	48	12	2	4	32	11	34
15	0	3	7	25	12	16	14	15	2	3	2	66	5	69	8	81	4	1	6	87	13	3	1	64	7	82	11	54	3	5	1	10	3	12	5	17	7	17	13	10	12	3	3	7	6	6	8	6	14	3	0	40	7	39	9	36	6	1	7	29	1	4	0	57	6	59	10	66	13	57	9	2	2	41	4	35	11	3	7	102	12	66	14	96	8	3	1	20	7	21	13	28	7	5	1	45	3	31	5	44	9	46	13	37	10	4	2	40	7	29	11	29	12	36	5	3	0	37	7	50	9	44
15	8	3	3	76	7	86	13	78	4	4	2	119	3	119	7	90	11	106	12	2	5	19	7	19	0	4	2	53	9	65	10	75	11	84	7	2	7	35	10	51	11	3	3	30	6	35	7	25	6	1	0	80	10	4	1	15	4	15	5	22	13	23	3	4	3	21	4	21	8	27	11	31	13	3	0	72	8	91	14	101	1	4	7	84	8	74	11	59	13	66	5	3	0	65	4	68	5	83	14	5	2	68	5	84	6	92	11	77	13	59	2	3	1	88	5	97	11	113	9	1	6	94
15	4	2	1	67	5	55	13	1	9	106	11	4	1	68	9	83	11	91	12	75	3	1	9	89	7	4	0	19	2	25	8	26	11	19	9	4	4	31	6	24	7	23	9	26	1	1	1	21	2	4	3	40	7	40	9	30	13	25	12	4	2	80	3	94	6	99	9	96	8	2	9	108	11	112	14	3	1	81	12	73	14	81	0	5	1	22	8	20	9	26	10	25	12	30	10	4	2	33	9	44	10	33	11	39	6	4	1	80	6	60	9	63	10	55	5	5	0	30	4	27	6	30	9	31	10	25
15	5	1	3	27	1	2	2	56	7	44	6	5	1	77	5	73	6	64	11	51	13	61	8	1	0	31	13	1	8	14	10	4	2	70	3	67	8	70	13	99	2	5	2	13	4	16	5	20	9	18	12	12	3	3	7	56	8	40	14	40	7	1	0	62	11	4	2	15	5	13	11	11	13	14	14	5	1	21	2	24	6	32	12	24	13	21	4	2	4	102	5	75	0	5	1	38	4	44	5	52	6	50	12	36	9	2	6	59	9	55	12	1	12	61
15	11	1	2	44	5	1	10	80	4	1	4	83	8	4	4	68	7	67	11	64	14	43	7	3	2	50	4	46	7	38	0	5	1	112	3	83	4	95	8	82	11	110	9	3	8	17	10	16	13	17	6	2	9	40	12	42	14	2	4	86	12	82	3	4	1	37	2	60	6	60	9	47	10	5	1	69	4	73	7	75	11	65	13	65	13	4	2	63	4	63	9	78	13	96	2	1	4	120	12	4	2	17	6	22	8	19	14	17	1	2	1	58	14	59
15	7	3	7	68	10	51	14	65	3	1	13	87	0	5	2	48	3	40	4	52	10	36	13	49	4	3	3	79	13	85	14	64	12	3	7	72	9	70	13	78	14	5	5	45	7	69	9	46	11	57	12	48	10	4	2	32	3	28	8	39	11	26	1	5	3	57	5	61	7	58	9	67	11	83	9	1	1	23	13	2	8	36	11	27	5	5	1	70	2	54	6	44	7	49	11	64	8	5	1	65	3	81	5	63	7	89	14	94	2	1	11	10	11	4	1	31	3	24	11	27	13	25	6	1	11	72
15	1	4	3	26	6	31	13	35	14	37	2	4	3	43	6	55	13	48	14	35	3	4	4	58	5	53	10	66	14	63	5	4	2	61	6	46	12	41	14	57	4	1	7	51	6	2	7	54	10	49	9	2	4	8	8	10	7	2	5	20	10	19	10	5	0	115	4	86	5	84	6	101	8	103	8	5	0	35	1	25	8	29	11	23	13	22	11	3	2	12	9	18	13	18	13	2	0	58	2	80	12	4	2	31	6	48	7	42	8	41	0	2	6	48	14	34	14	5	0	37	2	44	4	34	5	34	14	30
15	3	4	4	41	6	39	7	38	8	37	7	1	4	62	13	3	5	59	11	68	14	69	5	3	1	24	5	17	6	16	11	5	1	64	3	70	9	90	10	94	11	63	12	4	3	103	5	75	9	85	10	68	2	3	10	45	11	62	14	67	4	5	7	53	8	70	9	47	12	54	13	48	10	4	1	101	2	93	10	68	12	76	1	4	3	46	5	42	6	30	7	29	9	5	2	66	4	108	6	72	10	73	14	107	6	4	0	24	4	19	5	15	9	15	14	4	2	68	4	51	8	64	11	59	8	4	1	29	4	25	10	36	13	27	0	4	0	70	1	44	8	71	13	70
15	9	1	10	84	7	4	5	35	7	39	8	45	10	55	5	1	10	13	14	5	0	39	1	40	4	49	9	51	12	31	10	3	0	14	2	18	11	19	4	2	2	72	5	81	11	2	5	35	9	31	2	5	3	54	10	68	11	57	12	77	13	77	1	4	0	61	7	68	11	71	14	64	3	1	9	22	13	1	6	50	6	5	2	19	6	22	8	18	9	27	10	20	0	1	10	23	12	3	7	21	8	24	12	26	8	2	3	38	4	36
15	9	3	2	43	12	40	14	32	10	3	5	85	10	93	14	90	11	2	6	75	8	76	14	5	1	67	4	67	5	59	6	57	13	44	8	5	1	68	2	64	6	65	9	69	13	48	0	3	1	59	5	49	8	57	7	2	11	73	12	71	6	5	4	57	5	54	10	71	11	64	14	59	12	4	2	35	6	29	10	37	14	28	1	2	8	57	13	50	2	5	1	30	2	40	5	37	6	39	14	39	13	1	3	64	4	4	6	40	8	58	10	55	13	67	3	1	2	64	5	4	5	19	9	19	10	19	11	13
