15	10	10
10	9	2	0	76	4	69	5	3	2	85	3	110	5	89	4	3	0	74	3	68	7	88	2	3	0	98	3	102	7	92	7	4	0	23	1	19	3	19	7	23	3	5	0	110	3	80	4	69	8	73	9	106	1	5	1	5	3	8	4	5	6	5	7	6	0	1	4	15	8	3	2	10	4	11	7	11	6	1	3	14
10	3	1	9	9	2	1	4	18	4	3	0	6	6	6	8	8	1	4	0	13	3	11	8	11	9	11	9	5	2	74	4	57	5	67	7	80	8	81	0	4	1	88	2	88	8	59	9	84	6	1	3	94	5	1	8	17	7	2	1	78	8	83	8	1	2	8
10	8	1	7	58	7	1	3	15	2	2	0	32	2	34	0	2	0	14	5	15	9	1	7	108	5	2	0	99	6	111	6	5	0	52	3	45	6	42	7	51	9	39	3	2	3	4	7	6	1	1	2	47	4	5	0	63	1	90	2	89	3	86	8	85
10	3	3	1	27	2	26	4	24	2	1	5	91	6	5	1	106	3	78	5	79	6	91	7	100	4	5	0	68	1	55	3	48	4	65	8	60	7	5	0	41	3	53	6	43	7	39	9	53	8	4	2	67	4	72	7	63	9	67	5	4	2	11	4	8	6	8	7	7	9	1	8	113	0	3	5	47	7	57	9	64	1	3	1	90	3	92	6	89
10	4	5	3	78	4	91	5	71	7	72	9	108	6	2	1	11	5	11	1	3	2	42	3	48	9	51	2	1	9	45	7	2	0	56	4	56	0	1	6	58	8	2	2	67	6	48	5	2	1	7	4	10	3	5	1	96	4	100	5	110	7	81	8	101	9	2	5	6	8	4
10	6	4	0	76	2	86	5	69	7	75	0	2	1	30	4	34	4	3	0	37	2	30	5	37	3	3	2	46	5	53	8	66	7	5	2	106	4	77	5	109	6	89	9	75	8	2	2	66	3	64	1	1	4	49	5	5	0	91	2	91	5	67	6	78	7	84	2	1	7	20	9	4	1	55	2	62	7	80	9	67
10	3	4	1	91	5	85	6	98	8	87	9	5	0	43	3	40	4	33	6	42	9	35	6	4	4	74	5	82	8	55	9	56	5	2	5	40	6	46	0	5	1	54	2	45	4	37	5	47	9	54	8	3	1	30	7	28	9	32	4	5	3	27	4	25	5	19	6	19	7	21	2	4	2	24	3	31	6	22	7	20	7	3	2	18	3	18	6	21	1	3	0	4	6	7	8	5
10	4	5	1	77	2	53	4	71	5	76	7	55	1	1	0	10	8	4	5	79	6	72	8	76	9	93	0	4	0	61	1	88	8	72	9	76	7	4	1	55	6	66	8	59	9	53	6	4	4	24	5	30	6	30	8	33	5	5	2	74	3	78	4	99	7	84	9	80	3	3	0	59	6	77	7	69	9	2	3	25	8	31	2	1	2	101
10	9	4	2	40	4	29	5	46	7	33	1	2	1	40	2	37	4	2	4	22	9	30	3	1	7	63	8	1	9	95	2	4	2	6	4	6	8	11	9	6	6	5	2	50	4	60	5	50	6	58	7	53	0	2	4	81	8	64	7	3	3	61	4	44	6	60	5	1	9	106
10	3	5	1	29	4	34	5	45	6	46	7	44	2	1	3	18	6	1	4	70	9	3	2	40	3	55	6	45	7	3	0	43	4	58	7	51	0	5	2	15	5	16	6	14	7	18	9	16	4	4	0	48	2	42	5	44	6	40	5	3	0	29	1	29	6	20	1	3	0	20	5	27	9	18	8	1	7	64
10	1	2	5	64	7	66	4	4	4	58	5	53	8	57	9	55	0	5	2	93	4	77	6	78	7	84	8	104	2	2	3	67	4	80	9	1	8	6	6	3	3	60	4	51	5	54	7	4	1	48	4	44	7	30	8	37	8	2	2	27	7	29	5	5	1	88	3	84	6	75	7	101	8	94	3	2	7	73	9	75
10	1	4	2	52	5	57	6	48	7	42	3	1	3	20	0	3	2	78	6	97	8	76	2	2	1	17	7	20	9	1	1	41	7	3	3	28	5	28	6	39	8	3	1	22	3	22	7	15	4	2	8	49	9	70	6	4	1	42	4	34	7	34	9	37	5	5	2	61	3	48	4	65	5	63	9	54
10	5	5	1	21	2	24	3	23	6	23	8	17	3	4	0	23	3	18	4	19	7	25	6	5	0	63	2	93	6	65	7	91	8	66	1	4	0	30	1	18	8	24	9	20	0	1	7	29	7	5	1	102	3	96	4	78	7	83	8	89	8	4	2	26	6	26	8	29	9	23	9	1	9	4	2	4	2	69	5	86	6	65	9	82	4	3	3	54	7	40	9	35
10	1	3	1	36	4	32	5	30	0	4	2	56	3	44	6	49	8	58	7	1	2	106	4	4	2	34	7	41	8	34	9	34	3	2	5	74	9	69	5	5	0	23	2	30	3	34	4	25	7	23	9	4	3	9	4	13	6	15	9	11	8	2	3	34	6	38	6	4	0	47	2	57	6	41	8	62	2	2	1	11	6	9
10	4	5	0	67	4	73	5	82	8	68	9	100	8	3	1	18	5	14	6	20	2	3	0	58	2	50	7	59	3	5	0	76	1	76	2	79	6	85	7	91	1	5	1	36	5	36	6	32	7	49	9	34	6	3	0	17	2	24	5	22	7	1	2	61	9	5	0	23	1	27	5	27	8	30	9	29	5	4	1	6	2	5	3	7	9	7	0	4	1	48	3	44	6	51	7	47
