15	5	5
5	1	2	0	55	2	49	3	2	1	105	2	75	2	2	1	91	4	79	0	1	4	73	4	1	4	17
5	3	2	1	58	3	56	1	2	3	58	4	68	2	1	1	37	4	1	1	16	0	1	1	19
5	4	2	0	104	3	87	3	1	0	66	1	2	0	89	4	67	2	1	4	45	0	1	0	38
5	0	2	1	10	2	14	1	2	2	67	3	61	2	2	3	55	4	53	3	1	4	61	4	2	1	50	4	48
5	0	1	2	63	4	2	1	65	4	78	2	2	0	42	3	47	3	2	0	84	3	65	1	2	2	66	3	70
5	0	1	3	67	3	1	3	32	1	2	1	42	2	49	2	2	0	20	1	29	4	1	3	42
5	3	1	1	8	2	1	2	16	4	2	0	80	2	54	1	2	0	13	3	8	0	1	1	68
5	2	1	3	75	1	2	2	72	4	72	3	1	0	99	4	2	1	44	2	34	0	1	0	73
5	2	2	0	84	2	112	4	1	4	52	0	1	1	48	1	2	0	77	1	64	3	2	0	81	3	79
5	2	2	1	43	2	32	4	1	0	97	3	2	0	40	2	33	1	1	0	81	0	2	1	61	2	73
5	4	1	0	47	3	1	3	32	2	1	4	50	0	2	1	57	2	71	1	1	0	106
5	1	2	3	17	4	15	0	1	1	24	3	1	4	54	4	2	2	84	4	118	2	1	0	49
5	4	1	2	39	3	1	4	68	0	2	2	77	3	70	1	2	0	97	4	78	2	2	1	60	2	77
5	3	1	3	48	1	1	2	8	2	2	1	5	4	6	0	2	2	11	3	16	4	2	2	85	3	81
5	0	2	1	31	4	40	1	2	0	89	4	86	2	1	1	19	4	2	2	78	3	94	3	1	0	46
