15	5	5
5	0	2	0	42	1	45	4	1	4	69	1	1	4	53	3	1	2	94	2	2	0	11	3	13
5	0	1	1	75	1	1	0	69	4	1	4	27	3	2	0	76	4	87	2	1	0	64
5	3	1	0	34	0	1	3	31	2	1	0	69	1	1	1	32	4	2	2	64	3	61
5	0	1	4	55	1	1	2	29	4	1	1	62	3	1	0	59	2	1	1	47
5	3	2	0	21	4	27	1	2	1	35	4	43	0	1	1	57	2	2	2	19	4	15	4	1	2	9
5	1	2	0	12	2	17	2	1	4	35	0	2	1	110	3	81	4	2	2	33	4	37	3	1	1	67
5	2	1	1	59	1	2	0	45	2	45	0	1	1	69	4	1	2	16	3	1	4	59
5	2	2	1	69	3	63	3	1	0	38	4	2	0	67	1	79	0	1	4	54	1	2	0	26	3	19
5	4	2	2	56	3	48	0	1	0	99	2	1	3	67	1	2	1	75	2	97	3	1	2	75
5	4	2	2	12	4	16	0	1	2	22	1	2	0	52	4	65	3	2	3	34	4	33	2	2	2	86	3	64
5	4	1	2	84	0	1	3	98	1	1	1	25	2	2	2	40	3	45	3	2	1	44	4	38
5	3	1	3	54	2	2	2	26	3	18	0	2	0	14	1	19	4	1	3	45	1	1	3	22
5	4	2	0	20	3	17	1	1	1	44	0	2	1	47	2	59	2	1	0	39	3	2	2	41	3	62
5	4	1	3	39	0	2	1	49	3	62	3	2	0	61	4	67	2	2	0	73	3	91	1	2	2	60	4	77
5	4	2	2	64	3	70	1	2	2	50	3	66	0	2	0	88	1	77	2	2	2	28	3	33	3	2	1	73	4	70
