10	10	10
10	0	1	1	107	1	2	7	78	9	81	2	1	9	54	3	3	3	70	6	68	8	52	4	4	1	19	2	21	5	18	9	20	5	1	0	7	6	2	0	10	5	6	7	1	1	32	8	2	7	34	8	43	9	3	4	44	6	45	7	42
10	0	2	4	36	9	51	3	4	0	56	1	72	5	69	9	52	4	5	1	81	2	64	3	69	7	93	8	97	2	1	6	91	1	1	9	71	5	4	1	81	4	93	5	90	6	102	8	2	0	48	1	56	6	1	3	32	7	4	0	38	3	40	5	33	8	39	9	1	2	84
10	0	2	2	25	9	24	3	2	1	27	6	32	1	5	3	86	4	83	5	98	6	62	8	72	2	2	3	97	8	115	5	5	0	103	1	102	2	91	6	71	9	75	4	1	3	17	6	3	0	77	2	56	5	78	7	4	2	61	5	51	7	65	9	60	9	3	1	41	7	40	8	38	8	4	0	65	1	78	4	89	9	82
10	0	1	3	47	1	5	1	48	3	52	4	68	8	74	9	67	4	1	3	70	3	4	0	71	2	84	4	112	8	107	6	5	0	55	4	54	5	55	6	57	7	51	5	4	0	55	1	36	3	42	5	54	2	5	1	59	2	56	4	68	8	46	9	60	9	5	0	32	2	35	5	30	6	36	8	37	7	3	1	49	5	72	8	70	8	1	6	48
10	1	4	0	54	2	73	4	52	6	61	0	4	0	25	2	29	6	26	8	22	5	4	0	37	1	43	4	44	7	38	3	4	0	34	1	57	8	51	9	41	4	4	1	31	2	23	5	28	9	24	7	3	3	75	6	69	8	83	2	3	2	7	4	6	7	7	8	5	2	11	3	11	5	16	6	11	7	16	9	3	3	84	5	122	9	87	6	1	9	72
10	0	2	4	23	6	23	6	3	1	72	3	90	9	73	2	5	0	103	3	86	4	82	7	97	9	93	3	3	3	56	5	52	6	62	1	2	4	49	7	37	8	4	1	80	2	81	4	77	8	90	4	2	5	72	8	85	9	1	6	93	7	2	0	75	4	70	5	1	8	11
10	2	5	0	17	2	19	4	14	6	17	8	15	3	2	3	10	9	9	0	3	0	11	4	6	9	6	1	3	0	48	3	46	8	61	4	3	2	17	3	21	8	25	7	3	2	90	4	79	5	80	5	2	1	34	5	42	6	4	0	81	4	103	6	73	7	74	8	4	0	64	2	62	3	62	6	80	9	3	2	33	5	42	7	42
10	2	1	9	55	0	1	3	47	3	1	7	28	4	4	1	48	2	39	3	60	5	40	1	5	0	13	1	11	4	11	6	11	9	11	5	5	0	70	4	73	7	72	8	59	9	89	9	4	0	94	3	104	5	96	9	78	6	3	0	49	6	55	9	42	7	1	3	33	8	4	0	80	5	80	8	72	9	58
10	2	5	1	59	2	45	3	41	8	54	9	63	1	2	6	50	8	41	4	5	1	31	2	30	3	35	5	43	7	37	0	4	5	102	6	104	7	75	8	101	7	4	3	5	4	8	6	5	9	7	5	3	0	72	2	62	6	68	3	4	1	69	2	49	4	46	8	51	9	2	1	58	9	67	6	4	1	77	5	70	6	111	9	74	8	1	5	50
10	2	2	3	44	4	33	0	3	7	51	8	72	9	48	8	1	3	63	3	1	9	74	6	1	8	78	1	1	7	14	4	1	7	64	7	4	2	79	3	85	6	67	8	57	9	1	7	77	5	5	1	114	2	103	4	77	5	113	7	96
