10	10	10
10	0	1	5	48	1	4	0	71	1	58	5	55	8	91	2	4	0	48	4	49	7	51	9	39	3	1	5	28	4	3	1	57	3	74	8	62	5	4	0	20	5	22	6	17	9	22	6	3	1	17	7	21	9	20	7	3	1	73	6	61	7	72	8	1	0	51	9	5	1	10	3	13	4	8	6	12	7	10
10	0	2	5	77	7	72	1	1	1	36	2	4	1	38	3	41	5	60	8	42	3	5	1	15	2	16	3	18	4	20	7	22	4	1	6	44	7	3	1	9	5	10	7	11	6	5	0	30	1	29	3	29	4	34	7	29	5	4	0	56	4	47	5	56	9	60	9	1	7	25	8	2	1	100	8	86
10	2	5	0	86	1	79	3	68	5	81	9	73	1	3	2	24	7	31	9	37	0	2	0	39	6	52	4	4	1	9	5	10	6	10	7	9	3	2	2	52	9	74	5	2	8	64	9	48	6	3	3	53	5	69	6	55	7	2	4	29	8	21	8	4	0	61	1	58	2	64	9	46	9	4	2	106	4	70	6	114	7	92
10	2	4	0	14	1	14	5	20	6	13	1	5	0	62	2	82	4	63	5	65	7	53	0	4	1	56	2	64	4	49	5	49	4	5	1	51	2	67	3	67	6	44	9	56	3	1	7	7	7	1	7	55	6	1	6	62	5	5	0	53	1	67	2	56	6	46	9	60	9	2	0	6	4	5	8	3	1	42	2	66	8	54
10	1	5	0	6	3	8	4	7	7	8	9	6	0	5	1	40	4	36	5	40	6	32	7	50	4	1	1	111	3	1	3	95	2	3	2	44	4	43	6	35	6	3	0	71	5	65	9	65	5	4	0	28	2	26	6	29	9	38	9	5	1	38	4	43	5	30	6	31	8	47	8	5	2	10	6	7	7	9	8	6	9	7	7	3	5	17	7	16	8	18
10	1	3	0	21	1	23	8	26	0	4	4	4	5	6	6	4	8	3	4	5	1	104	2	82	3	111	5	73	6	107	3	3	1	106	4	110	5	114	2	1	3	14	6	5	2	88	3	82	5	109	8	100	9	90	5	3	6	17	7	18	8	20	9	2	2	27	6	21	8	2	2	37	4	37	7	4	2	38	3	33	7	37	8	47
10	1	1	0	23	2	4	0	24	1	23	6	20	8	18	4	4	3	45	5	36	6	40	9	55	0	4	1	47	2	32	4	37	7	46	3	3	0	80	6	112	9	107	6	1	2	62	7	3	3	69	5	95	9	79	9	5	1	67	2	71	4	89	8	59	9	63	5	2	0	105	2	76	8	1	9	15
10	1	2	7	5	9	5	2	1	8	8	4	4	0	56	4	57	6	63	7	88	0	1	5	26	3	3	3	57	5	68	9	71	5	5	0	67	1	57	4	53	5	56	8	67	7	4	2	7	3	6	5	6	7	11	8	1	3	43	9	3	2	39	3	25	7	28	6	4	0	87	3	108	6	110	9	101
10	0	5	0	35	1	39	2	27	5	33	6	39	2	1	4	48	3	1	4	42	4	3	0	6	1	4	3	7	1	3	4	77	7	106	9	81	6	2	1	6	3	5	7	4	3	46	5	63	6	68	7	46	9	1	8	45	5	4	0	6	3	6	4	3	6	6	8	1	7	19
10	0	5	1	73	2	81	3	67	5	92	7	95	2	4	3	91	4	92	6	55	8	60	3	5	0	83	1	67	3	95	4	68	7	83	4	1	5	11	1	3	2	30	4	26	6	23	5	2	2	13	6	12	7	3	0	39	4	59	6	63	8	1	9	56	9	2	1	31	7	34	6	3	0	20	6	16	8	15
