50	10	10
10	0	4	1	75	2	100	5	87	8	112	4	5	1	45	2	48	4	35	8	38	9	35	3	1	0	45	2	3	0	96	5	89	7	88	1	2	3	43	7	42	5	2	5	34	6	48	9	3	4	53	6	69	9	47	7	4	2	13	4	14	5	14	6	15	6	3	2	0	7	0	9	1	8	5	2	27	5	40	6	30	7	46	9	43
10	0	5	1	79	2	95	5	98	6	102	8	79	2	1	0	77	1	2	6	72	9	91	3	5	1	97	5	76	7	71	8	79	9	73	4	2	1	106	3	104	5	1	7	11	7	1	2	86	8	5	1	54	3	54	5	45	6	48	9	58	9	4	0	92	1	91	5	79	6	78	6	3	0	38	5	43	9	47
10	1	1	2	3	4	4	0	87	2	101	8	73	9	92	3	5	0	42	1	41	4	54	6	43	8	39	2	1	7	31	0	2	1	85	2	115	8	4	1	54	2	46	3	50	4	63	6	3	1	40	3	42	5	34	9	5	0	3	4	5	5	6	7	4	8	5	5	2	3	69	7	53	7	2	4	31	9	32
10	4	3	3	106	4	100	5	103	0	1	8	47	1	4	0	71	3	48	4	44	6	55	2	4	0	115	1	111	4	88	9	69	3	1	3	37	6	4	2	121	3	94	5	119	6	86	7	1	0	48	9	2	0	24	9	21	8	3	1	99	4	90	7	67	5	3	2	88	3	78	9	109
10	0	2	3	63	7	101	1	1	7	64	4	5	1	94	4	84	5	79	6	70	7	60	3	1	5	53	2	5	1	44	2	53	4	53	5	42	6	45	8	5	2	10	4	15	5	15	8	10	9	12	9	5	3	90	4	68	5	77	7	86	8	85	6	4	2	25	6	29	7	37	8	31	7	5	2	75	5	89	7	114	8	74	9	85	5	3	1	76	2	54	4	50
10	3	4	2	61	4	39	7	39	8	53	0	5	0	14	3	14	5	13	6	12	7	18	1	5	1	118	2	93	7	95	8	78	9	122	4	5	0	13	2	19	5	17	8	21	9	19	2	4	2	22	3	20	6	24	8	19	6	1	4	103	9	1	6	59	5	5	1	24	2	30	3	24	6	25	9	24	7	4	3	26	4	25	5	29	8	27	8	5	3	19	4	22	5	26	6	24	8	23
10	0	2	2	22	7	29	3	3	1	62	6	60	7	50	4	2	1	87	5	86	2	4	1	49	2	46	4	47	8	45	1	2	6	97	8	91	7	4	2	112	7	76	8	92	9	101	5	5	2	25	4	30	5	28	6	40	9	32	6	5	0	27	1	43	2	31	3	26	6	28	8	4	1	78	2	100	4	111	5	104	9	3	6	92	8	82	9	93
10	2	4	3	72	4	65	6	67	7	65	4	2	0	61	4	72	3	5	1	43	3	52	4	48	5	54	7	43	1	4	2	40	3	27	4	37	7	34	0	1	8	11	9	5	3	40	5	49	6	57	7	47	8	42	8	3	0	2	3	1	6	2	6	3	3	110	6	74	8	86	7	3	1	32	3	23	7	27	5	4	0	102	5	84	6	113	8	105
10	0	5	0	77	4	72	6	70	7	89	8	96	2	4	0	82	1	74	3	75	6	87	1	2	0	24	7	24	4	3	0	88	1	69	3	56	3	1	3	47	7	4	1	21	3	18	6	26	9	20	5	4	2	11	4	13	7	13	9	14	8	3	1	77	4	95	6	95	6	2	3	78	8	68	9	1	4	45
10	2	1	3	24	3	4	4	16	6	22	7	19	8	22	1	1	1	66	4	5	2	37	3	25	5	32	6	35	7	36	0	2	6	93	8	84	9	1	2	36	6	2	4	69	6	65	8	3	0	33	7	42	8	36	7	1	9	84	5	1	9	34
10	2	1	6	45	3	5	0	28	3	20	6	28	8	26	9	33	4	1	0	1	0	2	0	24	9	22	1	3	0	78	2	61	7	50	6	3	1	40	2	31	9	27	7	3	1	42	5	54	6	55	9	4	0	31	1	23	5	28	6	26	5	5	0	53	2	78	3	48	5	76	6	50	8	5	2	55	5	42	7	38	8	51	9	37
10	2	1	4	68	0	4	1	3	5	3	6	3	7	4	4	3	0	74	4	52	6	55	3	4	1	53	2	41	6	57	8	43	1	2	0	62	1	83	7	5	0	8	1	11	2	12	8	10	9	7	8	2	1	99	3	96	9	2	0	19	3	22	6	2	7	54	8	60	5	3	2	38	4	33	6	40
10	0	3	1	16	3	13	5	20	4	3	6	27	8	27	9	24	3	1	7	70	2	4	1	3	2	2	4	3	5	2	1	2	0	19	1	18	8	4	4	69	6	105	7	82	8	73	7	4	1	109	3	74	6	82	9	91	9	4	2	45	5	61	6	56	7	44	6	5	0	68	3	86	6	83	7	77	9	72	5	1	3	24
10	1	5	0	32	1	34	3	43	8	33	9	48	0	1	5	46	4	1	0	15	2	4	0	88	2	82	4	95	8	81	3	4	2	46	3	52	4	55	5	46	6	2	0	51	9	52	9	1	7	60	8	4	2	51	3	37	4	46	8	45	7	1	8	105	5	2	0	38	4	45
10	4	2	5	37	8	39	0	2	0	75	1	76	2	3	0	10	4	9	6	9	3	4	1	42	2	41	5	56	8	53	1	4	1	6	5	5	6	4	8	3	6	4	3	48	4	46	5	58	8	37	7	3	0	34	1	56	3	45	9	5	1	40	2	37	3	32	7	42	9	40	5	1	2	67	8	1	5	79
10	3	1	6	53	1	5	2	6	3	8	4	7	6	9	9	7	2	3	4	68	5	79	6	57	0	3	1	37	3	26	7	25	4	1	5	80	8	2	6	10	8	10	6	4	2	45	3	34	4	51	8	33	7	2	2	11	8	11	5	2	0	68	7	76	9	2	5	70	8	52
10	0	3	0	25	7	20	9	23	2	1	5	35	1	5	0	21	1	32	2	21	6	26	8	30	3	3	1	84	2	88	7	74	4	3	4	50	5	67	9	48	9	2	6	99	7	108	6	1	3	33	8	1	0	66	5	5	1	31	3	36	5	47	6	47	7	41	7	3	3	94	4	113	8	100
10	1	4	0	43	1	60	5	45	6	43	2	3	0	64	4	56	7	75	0	3	1	41	5	61	6	57	4	4	0	102	5	85	7	79	9	75	3	2	3	88	9	70	7	1	6	17	9	5	1	24	2	27	4	29	5	41	7	38	8	3	1	20	5	33	7	31	6	1	1	10	5	3	3	96	5	72	9	79
10	1	4	1	15	4	18	6	15	8	23	3	3	0	2	2	2	7	2	2	2	1	44	9	38	4	5	0	33	3	29	4	37	5	25	6	30	0	3	1	41	4	61	5	64	9	3	4	76	6	59	9	73	8	1	0	6	5	2	6	59	7	76	7	5	0	1	3	0	5	1	6	0	8	0	6	5	0	53	5	75	6	58	8	77	9	79
10	3	4	3	70	5	71	6	59	9	66	4	2	0	29	7	24	2	4	3	28	5	36	6	39	7	28	0	4	0	48	2	54	5	56	9	60	1	1	0	12	9	4	2	42	4	36	6	43	7	55	7	4	0	20	1	20	4	19	9	20	5	2	5	29	8	31	8	5	0	103	1	115	6	114	8	74	9	82	6	3	1	67	5	53	7	48
10	1	5	1	23	3	19	4	18	6	17	7	24	0	2	0	23	7	20	4	5	0	7	5	6	6	4	8	4	9	4	3	1	6	66	2	3	1	49	3	49	6	40	9	4	1	65	2	79	6	73	7	78	8	4	2	18	5	15	6	16	9	15	5	4	1	100	6	91	7	66	9	98	7	3	0	33	6	26	9	31	6	2	5	8	9	8
10	3	4	0	87	1	61	2	69	9	75	1	3	5	31	8	44	9	43	0	4	2	86	3	78	8	75	9	99	2	2	7	25	8	18	4	4	2	26	6	22	7	25	8	36	7	5	1	94	4	87	5	118	6	94	8	104	8	2	3	47	5	64	6	1	5	88	9	2	8	73	9	93	5	3	0	34	4	24	9	30
10	4	1	6	72	0	2	0	53	7	47	3	4	1	32	3	32	7	26	8	20	1	3	0	74	2	71	8	88	2	3	3	97	4	120	7	88	7	3	3	26	7	27	9	35	5	3	3	61	4	50	7	68	8	3	0	40	1	35	3	41	9	1	4	73	6	4	3	24	4	20	6	25	9	27
10	4	5	1	54	3	65	4	72	6	82	7	71	1	2	2	99	3	81	3	1	5	39	2	5	1	74	3	70	4	47	5	65	6	66	0	2	6	25	7	38	7	5	0	43	2	57	3	39	4	37	8	48	5	1	6	65	9	2	1	78	5	78	6	2	0	52	3	78	8	3	1	108	7	79	8	82
10	4	4	0	33	3	24	7	27	9	31	1	2	7	13	8	15	2	4	0	70	3	73	4	79	8	95	3	1	5	24	0	1	7	42	8	4	3	92	4	73	8	62	9	91	7	4	1	29	3	27	5	38	7	28	6	2	2	22	5	21	9	2	0	28	7	27	5	5	1	81	3	86	4	100	5	88	8	99
10	4	4	1	59	2	71	7	72	8	62	3	5	0	32	2	22	3	28	8	32	9	22	0	5	0	25	3	18	4	26	7	23	8	24	2	2	6	13	7	13	1	2	6	45	9	34	8	3	2	2	3	2	4	2	9	3	5	45	6	41	8	27	5	1	7	72	6	5	1	29	2	32	5	38	7	28	9	34	7	2	2	42	7	36
10	2	3	1	66	2	74	7	77	1	3	0	54	1	50	9	38	4	2	6	4	8	4	3	5	0	30	2	48	3	48	5	31	9	45	0	5	2	61	4	91	5	60	7	93	9	87	7	1	9	57	9	1	3	73	8	1	0	56	6	4	1	64	2	83	6	88	9	88	5	4	0	32	2	24	3	24	5	38
10	4	2	5	85	7	112	0	2	2	25	8	18	1	5	2	42	3	64	4	43	6	61	7	61	3	1	4	73	2	2	1	3	8	2	8	4	0	38	4	40	5	39	9	31	6	5	1	5	2	4	3	6	4	6	9	7	7	2	0	72	8	106	9	3	0	79	1	75	5	80	5	5	0	30	2	28	4	30	7	33	8	24
10	1	4	0	9	1	9	4	6	6	8	0	5	0	3	5	2	6	3	7	2	9	2	2	2	0	77	7	73	3	4	0	54	2	60	4	45	9	49	4	1	3	21	9	5	1	5	3	5	5	4	6	3	7	4	6	5	0	30	1	26	2	33	4	34	5	42	5	3	0	40	3	67	5	42	8	5	1	50	3	62	5	46	7	71	9	66	7	5	1	47	3	31	4	52	8	45	9	41
10	3	3	2	31	6	38	7	31	4	4	0	71	1	78	4	61	8	58	0	3	2	80	7	102	9	102	2	5	0	18	1	13	2	13	3	13	5	21	1	3	4	22	5	26	6	22	6	5	0	29	2	23	3	21	8	27	9	23	8	5	0	66	1	50	2	49	6	63	7	72	9	4	1	86	3	109	7	110	8	105	7	4	0	87	4	79	5	58	9	78	5	5	0	66	1	65	5	54	8	79	9	80
10	4	1	8	66	2	3	2	27	3	28	6	44	3	3	4	76	6	80	9	68	0	1	5	115	1	2	0	74	1	112	6	4	4	85	6	84	7	54	8	73	9	4	2	87	6	112	7	81	9	115	5	1	3	50	8	5	0	81	6	83	7	55	8	64	9	84	7	4	0	116	4	89	5	84	7	95
10	2	2	2	31	7	24	1	5	1	35	2	43	5	40	7	27	9	38	4	5	1	22	3	23	5	28	6	19	8	23	0	4	0	33	1	33	5	33	7	28	3	2	0	67	6	45	8	1	7	41	5	5	0	11	2	8	3	10	4	8	6	9	9	1	5	64	7	5	0	19	2	16	3	14	4	14	6	20	6	1	8	54
10	3	2	3	15	9	15	0	1	5	43	2	2	0	16	1	12	4	3	0	19	1	21	3	13	1	3	0	113	6	112	9	105	9	1	8	39	6	2	3	37	8	43	5	5	2	7	3	12	4	10	7	10	8	10	7	3	1	38	2	58	4	56	8	5	1	91	2	68	3	71	5	69	9	62
10	4	5	0	97	2	102	4	70	5	70	9	108	3	4	1	95	2	85	5	76	9	77	2	3	0	51	2	60	3	58	1	3	0	60	1	59	3	73	0	4	0	28	4	30	7	33	8	29	7	4	0	70	1	65	5	55	9	55	9	4	0	5	3	6	7	5	8	7	5	5	1	14	3	15	4	10	5	10	6	12	8	5	0	89	1	87	4	69	6	85	7	63	6	3	1	28	3	26	9	35
10	4	3	2	21	5	32	9	20	1	2	0	62	8	62	2	5	2	91	4	87	5	80	7	97	9	73	3	4	0	18	6	12	7	17	8	16	0	2	2	28	4	24	8	1	4	33	6	2	5	110	6	72	5	3	1	58	6	42	7	40	9	1	7	62	7	4	0	61	4	46	5	52	7	58
10	1	5	1	32	2	38	5	44	7	32	8	38	2	3	0	34	4	47	6	49	3	4	1	58	3	54	6	49	9	40	4	3	2	18	7	19	9	26	0	1	6	10	9	1	7	75	7	4	0	59	4	73	8	48	9	61	6	3	2	16	8	23	9	20	5	1	8	53	8	3	0	47	2	69	4	49
10	3	1	5	51	4	3	1	80	7	72	8	102	1	1	6	34	0	1	7	30	2	1	3	79	9	2	4	43	6	40	8	1	0	29	5	3	3	104	4	86	7	84	7	3	2	96	6	92	9	92	6	4	2	84	3	78	4	82	9	73
10	3	3	1	88	6	94	8	83	0	1	0	41	4	5	1	81	2	56	3	91	5	89	6	76	2	2	0	77	9	83	1	5	4	51	5	46	6	54	8	56	9	52	5	1	0	47	6	5	0	10	1	14	5	15	6	14	7	13	7	3	0	69	1	105	7	83	8	5	1	5	6	4	7	4	8	4	9	3	9	2	2	35	3	23
10	1	2	4	17	5	12	3	3	1	75	4	86	8	85	4	1	8	48	2	3	2	21	6	18	7	18	0	2	5	10	8	10	9	1	8	63	7	3	0	86	2	75	9	73	8	2	8	19	9	18	6	3	2	75	4	77	8	74	5	4	0	6	2	4	5	3	7	6
10	0	5	2	86	3	97	5	103	7	75	8	79	2	3	2	50	3	54	9	42	3	3	6	75	7	56	8	55	4	5	0	6	3	5	5	5	7	6	9	4	1	2	5	106	7	71	5	1	9	47	6	5	1	77	4	78	5	82	7	82	9	107	9	3	3	27	6	24	8	32	7	1	4	83	8	1	4	8
10	0	1	2	70	1	1	8	42	4	5	3	37	5	30	6	39	8	50	9	34	3	1	1	18	2	1	8	84	7	5	0	53	1	45	2	71	6	75	8	67	9	1	2	91	8	3	1	64	2	55	6	60	6	5	1	29	2	40	3	39	8	42	9	39	5	2	1	10	8	16
10	1	3	3	70	4	68	6	46	2	1	0	69	4	2	1	37	3	27	0	2	0	20	1	16	3	3	0	13	6	18	7	15	5	4	0	87	1	84	5	73	6	87	6	2	2	16	8	11	7	4	2	1	5	1	8	2	9	1	8	1	9	26	9	5	3	19	4	27	5	20	6	24	8	23
10	2	2	2	16	6	21	4	1	8	15	3	2	3	99	4	75	1	3	3	3	6	4	7	5	0	1	2	2	9	4	0	33	3	29	8	29	9	35	7	2	0	71	4	100	5	1	7	54	8	5	0	103	1	110	4	91	5	77	6	111	6	3	2	55	3	71	4	54
10	0	4	1	36	6	44	8	53	9	61	3	3	0	43	1	40	2	58	4	1	5	38	1	2	2	86	6	84	2	5	0	78	1	63	4	63	5	66	7	70	9	1	9	57	8	2	2	4	3	6	5	3	3	73	4	80	8	71	6	3	7	12	8	12	9	14	7	3	0	72	4	63	5	53
10	4	3	1	69	4	60	6	69	1	5	3	62	4	41	6	66	7	50	8	65	2	2	4	89	9	87	0	5	0	21	1	24	2	20	4	27	5	18	3	2	1	16	9	17	7	2	3	15	6	23	9	1	6	36	6	5	1	20	3	25	4	18	5	21	9	25	5	2	1	23	4	25	8	5	1	63	3	73	5	49	7	67	8	65
10	3	5	2	16	5	10	6	13	7	13	9	11	2	5	0	105	2	100	3	89	4	80	5	95	1	1	5	8	0	1	0	13	4	4	0	85	3	75	6	112	9	112	6	3	1	87	8	107	9	96	7	2	3	2	8	2	5	2	1	49	9	55	8	2	1	48	2	62	9	3	4	53	8	54	9	47
10	4	2	1	82	9	56	1	1	4	111	3	5	0	34	1	34	3	39	4	39	9	31	0	4	0	24	4	16	5	17	9	24	2	3	0	89	1	95	7	91	9	4	3	50	4	76	5	64	8	67	6	2	4	60	5	54	8	5	1	24	4	32	6	33	7	27	9	30	5	5	0	118	2	99	4	102	6	120	9	77	7	4	4	81	6	73	7	101	9	73
10	3	2	0	49	1	39	2	3	0	62	1	80	8	50	0	1	6	28	1	4	1	63	3	86	5	63	7	96	4	1	1	9	7	4	1	57	6	46	7	53	9	69	5	2	2	8	3	5	9	2	1	109	8	106	8	2	2	82	6	117	6	1	7	62
10	0	5	0	36	1	28	3	33	7	41	8	40	2	2	1	66	8	83	1	1	9	5	3	3	0	53	2	57	6	42	4	4	3	4	4	3	6	3	8	3	7	5	4	49	5	63	7	58	8	50	9	43	6	2	8	53	9	44	5	3	0	67	4	50	9	52	9	5	0	76	1	67	4	68	6	84	8	53	8	4	0	92	2	114	7	82	9	89
10	2	5	0	67	1	64	4	61	8	81	9	81	1	2	8	87	9	81	0	2	2	1	4	1	3	5	2	5	4	5	5	4	6	4	8	4	4	5	0	72	5	59	6	50	8	52	9	66	9	1	9	51	8	2	0	55	7	62	5	3	0	86	1	83	9	63	6	3	0	16	4	14	6	11	7	5	0	19	3	21	5	21	7	20	8	20
