50	10	10
10	2	5	1	113	4	78	5	95	6	71	7	73	4	1	5	50	0	3	4	1	7	0	8	0	3	3	2	95	3	86	8	68	1	4	0	63	3	68	7	79	8	71	5	2	7	19	9	18	9	1	8	58	8	2	1	12	5	12	6	5	1	43	2	52	4	57	6	53	7	63	7	4	0	101	2	93	3	69	9	112
10	0	3	5	106	7	70	8	78	4	4	5	68	6	79	7	93	8	86	1	5	0	85	2	68	3	94	4	60	7	94	3	2	2	65	3	49	2	2	3	81	8	69	5	5	2	64	3	105	5	72	8	100	9	68	9	4	5	19	6	17	7	21	8	13	6	5	0	92	1	67	2	60	7	67	9	92	7	1	0	28	8	2	0	89	9	99
10	1	3	1	49	2	36	9	34	2	5	1	108	3	95	5	84	8	106	9	88	3	4	0	86	3	85	4	85	9	74	4	5	0	73	2	72	4	84	5	65	7	62	0	3	1	50	4	60	5	61	9	3	7	8	8	8	9	8	7	5	0	55	2	38	4	52	5	47	7	43	5	1	6	92	8	2	1	52	5	60	6	3	2	13	3	17	6	15
10	1	1	5	47	2	3	4	23	5	21	7	21	3	2	6	81	9	78	0	2	1	71	5	62	4	5	3	95	4	72	6	104	7	102	8	71	7	2	3	15	6	10	8	3	5	108	6	97	7	107	5	5	1	77	4	70	7	55	8	56	9	76	9	4	1	43	2	49	6	41	7	54	6	3	0	60	7	80	9	66
10	2	4	0	22	3	22	7	24	9	19	0	2	3	27	7	19	3	5	2	42	4	35	5	44	7	47	9	31	1	5	1	2	2	1	5	1	6	2	7	1	4	2	0	4	4	4	9	1	3	48	7	5	2	83	4	69	6	82	8	67	9	78	8	2	2	88	6	64	5	3	1	14	7	20	9	17	6	3	2	33	3	31	8	34
10	3	4	2	30	4	37	5	36	7	48	2	4	3	41	5	41	8	32	9	34	1	2	5	25	6	24	4	2	0	15	9	14	0	4	2	11	3	17	6	14	7	14	8	1	4	122	6	3	0	33	1	32	9	31	5	1	2	14	7	3	1	12	4	14	8	10	9	1	8	19
10	1	2	5	65	8	68	0	1	3	38	4	1	4	56	3	1	9	37	2	4	1	122	2	97	4	74	7	84	5	3	0	78	1	80	4	66	6	4	1	17	3	26	4	18	7	28	7	4	0	48	1	34	3	45	5	43	8	4	0	37	6	42	8	30	9	30	9	4	1	66	5	93	6	74	8	104
10	1	2	2	31	8	23	4	4	1	52	6	44	8	54	9	42	3	4	0	26	4	29	5	21	7	18	0	5	1	58	3	42	4	41	5	51	6	58	2	1	2	99	6	1	1	61	5	3	5	46	6	38	9	39	7	1	4	89	8	2	2	26	4	19	9	3	0	103	1	94	8	98
10	0	4	0	50	1	42	6	41	9	50	3	3	1	21	2	22	8	22	2	1	4	30	4	1	4	61	1	1	7	62	5	1	5	29	7	4	2	70	5	89	6	77	7	96	8	4	0	63	2	74	4	66	7	77	9	1	6	77	6	5	1	17	4	12	5	15	7	17	8	18
10	3	3	1	40	5	40	8	27	1	5	2	54	4	59	5	69	6	67	7	58	0	3	0	31	3	43	8	30	4	3	0	76	3	57	7	68	2	1	3	24	6	3	0	65	1	81	7	75	7	1	9	44	5	1	6	17	9	1	6	43	8	5	5	25	6	20	7	21	8	24	9	18
10	2	4	0	33	2	31	4	33	8	31	1	2	2	95	7	104	4	4	3	22	4	20	6	25	7	20	0	3	3	28	4	42	6	43	3	1	3	23	5	2	5	29	9	29	9	4	3	31	4	40	7	46	9	44	6	4	2	32	3	51	6	43	8	37	7	3	1	92	5	75	6	102	8	1	0	40
10	0	3	0	50	1	62	5	58	2	4	3	10	5	11	6	15	7	11	4	3	2	64	6	43	8	66	3	3	0	103	2	87	4	109	1	1	8	44	8	5	0	21	1	22	4	22	6	16	8	18	7	4	3	25	4	21	5	20	8	28	5	4	0	60	1	50	7	51	8	57	6	1	8	94	9	2	4	66	9	43
10	0	4	3	45	5	50	7	54	8	56	1	3	3	46	7	57	8	55	4	3	2	84	6	77	9	83	3	2	0	36	5	36	2	3	1	50	3	51	9	57	9	4	1	79	3	73	7	86	9	86	5	1	8	74	7	3	4	43	6	28	9	32	6	1	1	74	8	1	6	39
10	3	1	8	67	0	1	3	59	1	4	0	51	2	41	7	59	8	55	2	4	0	51	4	54	5	34	7	49	4	1	5	7	8	5	0	52	1	40	2	53	3	57	6	46	6	1	0	22	5	3	0	102	2	77	9	92	9	4	1	11	2	13	4	11	7	17	7	4	1	5	6	6	8	6	9	8
10	0	5	0	9	3	7	5	8	6	7	9	10	4	4	0	104	3	103	5	78	9	96	3	1	7	88	2	5	0	42	4	46	5	40	7	29	9	34	1	1	1	62	5	2	0	67	4	60	7	1	1	43	9	2	3	6	8	7	6	5	3	82	4	99	5	70	7	96	9	103	8	1	2	42
10	4	3	0	114	2	71	4	90	0	2	1	76	5	92	1	1	4	91	2	4	1	16	6	22	7	20	9	20	3	4	1	3	2	5	6	3	9	4	8	5	1	82	2	90	4	85	7	63	9	72	5	4	0	67	1	82	6	75	9	76	9	3	0	18	1	18	4	23	6	1	1	19	7	2	2	37	7	37
10	4	1	8	73	0	2	0	48	7	50	3	5	2	58	3	57	5	65	7	63	9	63	2	4	1	16	2	11	5	12	8	14	1	2	0	40	6	51	6	3	0	50	4	36	7	47	5	3	1	43	3	33	8	30	9	4	2	94	3	92	8	74	9	95	8	2	1	35	2	25	7	3	0	63	2	77	6	75
10	0	3	1	40	4	39	7	38	3	5	2	58	3	59	4	69	5	63	6	59	4	5	1	90	2	71	4	87	5	78	7	63	2	2	0	24	1	30	1	2	1	6	6	5	6	4	3	19	4	20	6	23	7	29	7	4	2	77	3	87	4	81	8	86	9	3	0	68	5	105	6	76	5	1	6	16	8	3	5	38	6	32	9	29
10	2	3	2	97	6	91	7	63	4	3	0	34	1	30	4	33	0	3	0	9	4	9	7	8	1	1	1	28	3	2	2	78	6	80	7	4	0	48	1	48	5	43	8	37	9	2	6	89	9	104	5	2	7	14	8	16	8	4	2	22	5	32	8	22	9	36	6	3	3	44	7	35	8	45
10	0	5	1	109	3	88	5	75	7	119	9	125	3	5	0	36	1	24	4	33	5	28	9	23	2	2	6	75	8	58	4	5	3	61	5	64	6	53	7	55	8	49	1	4	1	68	2	62	6	60	8	75	8	4	2	67	4	53	5	60	6	65	6	3	0	42	2	36	6	28	5	3	1	20	6	26	7	21	9	2	7	9	8	9	7	1	4	18
10	1	5	1	88	2	75	3	61	6	86	7	85	0	2	6	46	7	66	3	1	0	65	4	1	8	51	2	4	1	80	5	70	6	82	7	65	7	2	0	27	5	29	5	3	5	68	6	51	9	54	8	4	0	95	2	104	4	78	7	69	6	2	3	87	7	91	9	1	0	8
10	0	4	2	42	3	47	8	45	9	31	4	3	0	94	1	100	4	62	1	1	0	41	2	3	1	8	2	11	6	11	3	2	3	68	7	52	8	2	5	29	8	29	9	5	0	52	2	58	3	51	5	52	7	53	7	5	0	29	2	24	5	36	8	27	9	29	6	4	0	84	1	72	2	94	6	99	5	5	0	19	4	27	5	18	6	26	8	30
10	4	1	3	30	2	1	7	11	0	4	2	29	4	32	6	38	8	26	3	2	5	12	9	20	1	4	0	87	2	82	6	70	9	59	9	3	2	21	4	35	8	21	7	4	1	18	2	17	6	19	9	19	8	3	1	72	6	77	7	97	6	5	2	98	3	84	5	70	7	79	8	82	5	3	2	44	5	41	6	46
10	1	5	0	42	1	39	2	38	3	33	8	32	2	4	0	36	4	31	5	48	7	32	3	5	2	29	6	25	7	23	8	26	9	22	4	4	1	38	7	40	8	36	9	38	0	4	0	97	1	94	3	71	6	83	7	4	4	58	5	58	6	61	8	73	6	4	0	84	2	105	3	100	9	80	5	5	2	22	4	18	6	21	8	27	9	28	9	1	0	111	8	3	0	56	1	59	2	76
10	2	3	3	78	6	53	7	59	3	4	0	33	1	25	6	21	7	32	4	1	6	91	0	5	1	28	2	32	4	33	5	30	7	27	1	1	1	32	5	2	0	110	9	70	8	2	1	82	9	91	6	3	2	89	3	105	9	82	7	5	0	65	4	96	5	67	6	71	7	90	9	2	2	51	9	50
10	0	5	0	36	1	39	2	48	6	50	7	51	1	5	2	101	5	104	6	105	8	99	9	101	2	1	4	107	4	3	0	95	1	74	6	111	3	5	1	57	4	54	5	71	6	55	7	54	8	2	3	63	6	64	9	5	0	81	1	87	4	73	5	86	8	63	5	2	1	66	2	59	7	5	0	13	1	9	5	12	6	13	7	11	6	1	4	88
10	3	3	4	78	5	69	8	91	2	3	1	60	2	50	3	47	0	2	2	75	7	79	4	5	1	29	2	24	5	24	7	23	8	28	1	1	5	31	9	5	1	50	2	59	4	58	7	66	8	65	5	2	2	92	4	106	6	4	0	67	1	79	2	65	6	85	7	5	0	5	1	4	2	5	3	3	7	3	8	2	5	58	9	78
10	0	4	1	86	3	87	4	113	8	80	4	5	0	36	1	50	4	40	5	31	8	33	2	4	1	8	2	11	6	9	8	8	3	3	0	120	3	90	8	118	1	1	3	80	5	1	2	70	6	3	1	9	4	7	8	9	7	2	1	22	3	27	8	2	6	7	8	6	9	1	0	7
10	0	1	1	103	2	5	0	49	1	41	2	53	6	42	9	60	1	4	3	12	5	15	6	14	9	16	3	2	0	80	1	53	4	1	3	50	8	3	4	70	6	64	7	57	6	3	4	34	5	33	9	38	9	1	8	37	7	1	6	57	5	3	4	31	5	34	6	31
10	2	3	3	55	4	41	7	45	0	4	0	21	4	35	7	28	8	33	4	3	2	0	5	0	7	0	1	5	0	79	1	74	4	55	7	50	9	75	3	3	0	36	1	40	3	32	5	3	2	18	3	19	4	21	7	5	3	48	4	71	7	60	8	52	9	61	9	4	1	37	3	28	4	27	7	32	6	1	0	53	8	3	1	11	4	11	5	12
10	2	2	3	79	7	89	4	5	1	31	3	23	5	27	7	18	8	22	3	5	0	37	3	27	5	41	6	32	8	27	0	2	0	26	7	19	1	5	0	59	4	54	5	51	7	53	8	54	5	5	1	75	2	63	3	67	7	76	8	59	9	4	2	51	3	65	5	68	9	64	8	4	2	27	4	41	6	30	8	29	7	5	0	66	2	101	4	71	5	64	8	72	6	2	4	65	8	88
10	1	4	1	48	2	51	4	57	5	54	4	3	2	26	6	20	7	20	0	4	0	24	6	17	7	15	9	19	2	2	1	22	9	19	3	5	2	9	3	7	5	9	7	6	9	10	6	1	2	33	9	1	5	6	5	1	5	81	8	5	1	108	4	107	5	86	8	67	9	76	7	2	0	36	2	54
10	1	4	4	37	5	51	6	37	7	44	0	4	0	13	5	12	6	20	8	15	2	2	0	71	7	108	3	2	8	96	9	97	4	4	0	27	2	29	4	26	7	26	5	2	4	10	9	13	9	2	3	80	9	101	7	4	0	42	7	31	8	41	9	48	8	3	5	38	7	26	8	43	6	5	1	52	4	60	6	66	7	81	8	51
10	1	5	2	89	5	86	7	74	8	79	9	89	2	2	4	20	5	23	4	5	1	41	2	42	3	33	6	40	9	33	0	3	5	48	8	49	9	43	3	4	3	75	4	101	7	69	9	77	9	2	2	59	5	56	6	5	0	13	1	18	3	18	6	14	8	14	5	2	1	28	6	45	8	3	1	44	6	37	9	45	7	2	2	110	9	77
10	0	3	0	36	6	37	8	35	3	1	2	103	4	5	1	53	2	74	3	75	4	78	8	61	2	1	2	26	1	3	1	89	3	95	9	84	7	4	0	41	2	65	4	51	8	55	8	3	3	14	7	11	9	9	9	1	2	71	5	1	5	24	6	3	0	71	1	53	5	65
10	0	3	3	11	5	17	7	18	3	5	0	36	2	50	4	42	8	42	9	37	1	3	1	24	2	26	7	24	2	2	1	29	2	29	4	2	2	45	5	36	8	4	1	15	3	10	4	13	5	14	9	2	2	29	4	31	7	4	2	45	4	52	6	60	9	70	5	4	2	54	6	65	7	43	9	56	6	1	9	41
10	2	3	3	72	4	90	8	106	0	2	0	38	7	45	4	4	0	3	4	6	5	4	7	6	1	3	0	57	3	65	9	56	3	4	0	72	5	72	7	76	9	72	6	3	1	26	2	37	8	37	9	5	0	17	1	15	2	23	5	21	8	19	8	3	1	55	5	74	8	61	5	4	0	7	3	8	4	8	5	8	7	4	0	21	3	16	4	15	6	19
10	2	3	0	62	4	55	7	67	0	5	2	18	3	11	4	16	5	16	6	13	1	1	7	22	3	1	6	62	4	3	2	86	6	66	7	77	9	2	3	50	9	46	7	3	4	5	7	7	9	7	5	1	4	97	6	1	0	99	8	3	2	53	6	54	9	45
10	0	1	7	24	4	5	4	21	5	26	7	26	8	26	9	26	1	3	4	70	5	87	8	89	3	1	7	22	2	4	0	16	5	19	6	16	9	14	8	4	3	83	4	67	6	73	9	74	9	1	2	53	6	5	0	57	1	66	2	88	3	69	9	90	7	1	8	3	5	5	0	18	2	15	4	21	6	23	7	14
10	3	4	0	70	3	82	4	84	6	74	1	4	0	76	2	98	3	64	9	78	2	4	1	16	6	12	7	17	8	14	0	3	1	67	2	66	7	80	4	5	0	1	1	1	4	1	5	1	7	1	7	4	0	12	2	11	4	10	6	10	8	1	9	94	5	3	0	39	2	38	4	47	9	1	3	16	6	2	3	51	6	71
10	1	2	3	55	5	48	0	5	1	60	3	57	4	64	6	61	8	57	2	1	6	106	3	2	0	79	1	65	4	3	0	94	6	82	7	77	5	3	0	85	3	103	9	102	7	5	1	8	2	7	4	9	6	6	9	7	6	1	4	44	8	4	0	71	3	57	6	76	7	54	9	2	2	29	8	36
10	0	4	0	81	3	74	4	112	9	112	1	1	9	39	2	1	9	98	4	2	5	67	9	90	3	3	2	36	4	51	9	55	8	4	0	33	2	48	8	40	9	45	5	3	1	28	8	26	9	25	7	2	2	45	5	48	6	4	2	14	4	23	6	23	9	14	9	3	0	24	3	27	4	23
10	2	2	1	22	5	24	1	5	1	11	2	12	4	10	7	12	8	10	0	4	1	100	3	81	4	62	6	75	3	1	6	114	4	4	1	94	3	74	6	100	7	80	8	4	0	64	2	65	4	73	5	76	7	3	0	11	6	6	7	8	9	5	1	22	6	13	7	20	8	19	9	19	5	4	0	26	1	22	7	20	9	21	6	3	0	83	1	94	8	96
10	0	5	2	75	4	76	7	92	8	60	9	86	2	5	0	22	1	30	2	22	5	21	8	26	4	3	5	79	7	116	9	109	3	4	2	7	3	7	5	9	6	6	1	2	4	63	9	69	9	5	2	13	3	12	4	14	8	11	9	12	5	1	8	59	7	3	2	33	6	29	8	29	8	3	0	71	4	54	8	63	6	2	1	19	5	24
10	1	1	3	35	3	3	0	37	2	43	3	32	2	3	4	40	6	38	8	31	0	4	1	63	4	75	7	75	8	85	4	2	4	19	6	13	9	5	0	54	1	61	3	79	4	56	6	73	7	5	2	30	3	42	5	40	6	47	8	45	6	3	6	47	7	45	9	39	8	4	1	55	2	41	3	56	7	40	5	5	1	69	2	54	4	44	6	44	7	43
10	4	3	1	63	2	76	4	55	1	4	0	64	3	67	7	64	9	63	0	1	1	26	2	2	4	33	5	22	3	4	0	32	3	40	5	42	7	43	5	5	1	60	5	58	6	44	8	58	9	47	7	5	1	31	3	49	5	44	7	43	9	31	9	4	1	7	4	8	5	11	8	7	6	1	0	15	8	3	5	72	8	81	9	81
10	2	3	0	109	4	98	6	84	1	2	2	69	4	75	0	3	2	50	7	33	9	38	4	4	0	102	1	106	4	96	8	79	3	4	2	25	5	21	7	27	9	22	6	1	1	54	5	1	0	19	8	2	8	37	9	29	9	2	2	80	4	74	7	5	1	6	3	3	4	4	5	4	6	3
10	3	1	3	48	1	5	1	37	2	32	6	36	8	36	9	41	0	1	4	3	4	1	4	26	2	2	0	14	9	14	6	2	1	81	8	66	7	1	1	31	8	4	1	118	7	104	8	120	9	106	5	1	1	72	9	3	0	21	1	28	4	30
10	4	5	0	25	2	41	3	31	6	40	9	27	1	4	1	102	2	91	5	76	9	94	0	1	4	30	3	1	2	60	2	2	2	10	7	9	7	2	4	115	8	76	8	3	1	85	5	60	6	90	9	5	1	60	2	81	4	69	6	55	8	68	5	2	0	85	7	67	6	1	7	8
10	3	2	2	23	9	20	1	1	1	45	4	5	5	13	6	11	7	13	8	9	9	14	2	4	1	90	4	90	5	100	6	81	0	2	5	26	8	36	7	3	0	14	6	15	8	10	9	2	3	55	7	41	6	4	1	57	2	64	5	43	8	60	8	5	2	52	3	49	4	51	5	46	9	40	5	3	2	41	8	25	9	36
