10	10	10
10	0	1	2	32	1	1	4	107	2	2	4	73	9	70	3	3	0	5	2	6	8	6	4	2	0	21	1	22	5	4	1	6	5	10	6	8	8	10	6	4	0	37	5	46	6	36	9	44	7	4	2	72	3	88	6	69	8	92	8	2	3	80	8	89	9	5	0	30	3	27	5	20	6	29	7	23
10	0	4	0	18	1	17	2	17	8	16	8	3	0	84	2	111	3	109	3	4	0	60	2	70	5	57	6	77	5	2	0	73	4	77	2	2	0	84	6	78	1	3	4	24	7	20	9	20	9	3	5	47	8	70	9	77	6	3	6	52	7	57	8	58	7	4	1	104	2	70	6	88	9	82	4	3	2	19	5	14	8	19
10	0	3	1	52	2	61	3	60	6	3	0	80	4	83	5	84	1	4	0	8	3	9	4	10	9	11	3	2	4	72	7	62	8	4	0	59	6	53	7	77	9	54	2	3	0	37	4	38	6	55	5	2	2	47	9	42	4	4	0	54	3	72	4	54	7	66	7	3	2	3	3	5	4	4	9	3	4	93	7	97	8	113
10	0	5	1	51	5	57	6	59	7	52	9	58	1	3	1	26	4	32	9	33	4	5	4	4	5	5	6	6	8	5	9	6	8	5	0	13	3	16	4	9	6	15	9	9	5	1	7	85	7	3	1	78	5	105	6	100	6	4	1	111	6	73	7	91	8	84	9	5	2	24	3	27	6	32	8	31	9	35	3	5	2	39	3	41	4	34	6	29	8	34	2	1	5	79
10	0	4	3	95	5	85	6	118	7	111	5	4	0	6	3	8	4	6	6	5	9	5	1	59	2	47	3	59	5	68	7	43	8	2	0	67	1	87	7	5	1	73	3	80	7	58	8	76	9	67	4	4	2	75	6	96	8	60	9	95	3	5	2	107	4	72	6	112	8	110	9	88	2	5	1	63	2	76	3	58	5	57	6	61	1	3	4	80	7	50	9	67	6	4	1	44	4	32	8	47	9	49
10	1	3	0	50	6	44	8	51	5	2	0	8	9	10	0	1	5	4	9	1	1	29	2	2	3	8	7	7	8	1	6	37	3	3	0	45	8	32	9	40	6	3	5	43	6	55	8	46	7	1	4	16	4	1	9	47
10	0	4	4	46	5	44	7	40	9	46	3	3	0	51	2	74	3	61	8	2	6	95	9	92	7	1	4	70	9	2	0	27	3	24	2	3	2	107	5	106	6	97	4	4	2	41	3	42	5	31	6	39	6	5	0	43	3	46	6	51	8	51	9	51	1	5	0	33	1	50	3	40	4	43	8	38	5	2	0	68	2	87
10	0	3	3	15	6	14	7	17	9	5	1	11	3	11	5	9	6	9	8	12	4	2	5	37	7	39	1	2	3	32	5	33	5	4	3	58	5	55	8	81	9	68	7	1	5	5	2	5	0	65	1	61	3	48	4	40	6	64	6	2	0	36	7	24	3	1	9	63	8	4	1	8	2	7	5	7	9	8
10	0	1	9	97	1	4	5	23	6	15	8	18	9	24	9	4	0	25	1	25	5	27	6	28	7	4	0	81	4	106	6	70	9	102	8	1	3	60	6	5	0	81	1	97	6	67	7	88	8	91	4	5	0	91	1	67	3	73	6	86	8	86	5	4	1	35	3	29	5	22	8	34	2	5	1	86	5	91	6	73	7	62	8	87	3	2	3	23	7	28
10	0	5	0	42	1	41	3	45	4	33	9	55	2	4	0	57	2	65	5	43	7	71	4	4	0	56	3	58	7	52	8	57	9	1	6	48	1	1	7	53	5	1	6	61	8	3	3	68	7	66	9	68	3	1	8	45	6	2	4	94	9	67	7	5	2	10	3	10	4	16	8	15	9	14
