15	10	10
10	2	3	2	42	3	26	9	25	3	2	8	47	9	59	5	1	9	108	9	2	1	17	8	12	4	2	3	21	5	18	6	4	1	78	5	61	7	81	8	80	0	2	5	65	8	44	8	1	1	40	1	4	2	24	4	17	6	16	8	16	7	2	0	20	1	20
10	3	3	0	36	2	31	3	44	2	4	3	29	5	24	7	35	8	28	0	3	0	15	7	14	8	10	1	4	0	32	3	46	8	32	9	42	9	4	0	62	6	82	7	60	9	63	8	2	1	78	6	92	6	4	0	68	1	57	4	68	9	91	5	1	1	102	4	3	3	54	7	41	8	48	7	2	0	55	9	74
10	1	5	1	19	3	23	5	22	6	23	9	20	0	3	1	95	2	67	9	96	3	4	4	34	5	29	6	34	9	35	4	1	9	73	6	2	2	55	5	67	9	1	3	63	8	3	4	53	5	72	6	57	5	1	2	31	2	4	1	69	3	68	4	59	5	53	7	5	2	52	5	45	6	42	7	50	8	39
10	4	4	1	75	3	65	6	67	7	48	2	3	3	83	6	92	7	107	8	5	1	21	5	22	6	26	7	19	9	18	5	2	7	69	9	91	3	1	7	75	7	4	1	34	2	28	4	34	8	44	1	5	0	65	3	75	5	67	6	80	7	81	6	4	0	36	2	36	3	41	4	45	9	5	0	84	1	93	2	79	4	63	6	70	0	2	1	103	7	84
10	8	4	1	67	3	83	8	82	9	97	9	3	1	64	3	60	5	71	2	5	0	89	1	92	2	109	6	121	9	121	4	4	1	75	3	99	5	115	9	101	3	5	0	15	2	12	3	19	4	18	5	12	0	4	1	44	6	39	8	34	9	49	7	2	1	37	2	47	6	2	1	73	2	90	1	4	0	56	3	44	5	51	6	39	5	1	2	21
10	8	4	0	28	1	43	5	43	6	31	7	1	6	116	6	1	7	6	9	3	0	9	4	11	8	7	2	5	0	26	1	29	5	35	6	30	8	36	1	5	0	6	4	6	5	6	6	5	9	6	5	4	6	21	7	23	8	35	9	23	4	3	1	76	5	57	7	55	0	4	5	106	6	112	7	86	8	114	3	4	0	80	3	67	4	75	6	73
10	4	2	3	33	5	34	5	4	0	53	3	64	6	50	9	57	3	3	3	19	5	20	8	16	9	2	2	32	3	32	0	3	2	37	6	43	7	56	8	2	1	52	6	58	6	2	3	46	4	51	7	1	0	24	2	5	1	56	2	71	3	70	4	50	9	51	1	5	2	112	5	69	6	104	8	104	9	72
10	5	4	0	8	1	9	8	11	9	11	4	2	0	23	1	15	2	5	1	42	3	31	6	44	7	34	9	32	6	2	3	44	6	50	1	4	0	49	1	50	5	46	7	55	7	1	4	67	0	1	0	72	3	3	2	32	4	46	9	37	9	2	4	45	6	48	8	3	2	17	4	16	7	11
10	1	4	3	22	7	26	8	35	9	24	5	2	1	25	7	28	0	3	3	77	4	69	6	78	3	5	5	22	6	32	7	25	8	28	9	21	2	3	0	46	5	34	8	37	7	4	1	6	3	10	4	6	9	8	8	5	0	77	2	65	4	68	6	73	7	71	6	2	0	97	7	70	9	4	0	41	1	41	2	51	8	44	4	1	9	35
10	2	4	0	72	2	77	8	108	9	72	5	1	8	104	6	2	2	70	7	96	9	5	3	83	6	72	7	89	8	78	9	95	1	2	2	68	4	85	3	5	0	32	1	26	4	21	6	26	8	28	8	4	3	78	4	79	6	52	7	79	0	5	3	73	5	86	7	56	8	64	9	51	7	3	2	55	6	55	7	35	4	5	0	102	1	103	3	101	4	74	8	105
10	1	5	1	35	2	37	3	38	5	29	6	26	4	1	5	23	0	1	3	20	2	5	0	21	2	14	5	19	6	15	9	14	9	1	1	25	8	2	0	77	1	98	5	4	0	84	1	90	2	76	8	90	3	4	0	75	2	106	3	71	5	74	7	3	1	38	3	25	5	38	6	2	1	19	3	16
10	5	1	0	33	9	1	2	83	0	4	1	57	2	51	8	51	9	60	4	3	2	54	3	41	9	46	6	3	5	88	6	78	7	83	3	4	1	96	2	90	4	81	7	114	2	5	1	19	2	27	3	20	4	24	8	26	1	1	9	87	8	3	0	98	5	98	6	75	7	1	0	84
10	5	4	0	23	2	29	4	27	8	22	9	5	0	52	1	55	4	58	5	47	6	57	8	1	4	22	7	2	3	58	9	58	4	1	6	85	6	5	4	59	5	81	7	67	8	59	9	61	3	3	4	59	8	55	9	39	0	5	0	44	1	32	3	52	6	37	7	36	1	2	1	35	3	49	2	5	2	18	3	21	5	13	6	14	9	16
10	1	4	1	10	3	12	4	12	9	13	8	3	2	40	4	59	7	55	0	1	6	65	2	5	3	40	4	53	6	40	7	42	8	37	9	4	0	68	3	92	5	94	6	91	3	2	5	18	8	15	5	1	7	25	6	4	3	76	4	77	8	49	9	57	4	1	4	81	7	2	1	108	7	81
10	4	1	2	53	3	5	0	50	2	61	4	49	5	54	6	62	6	3	1	29	8	35	9	34	5	2	3	16	9	14	2	5	1	60	3	55	6	48	7	44	9	58	8	1	8	76	1	4	3	39	4	46	7	46	8	49	9	5	1	55	4	57	5	67	7	54	8	71	7	1	6	20	0	2	4	70	7	60
