50	10	10
10	7	1	6	86	1	5	1	33	2	30	3	29	4	27	8	31	5	1	5	60	3	2	2	83	7	71	6	4	1	60	2	50	4	46	6	46	0	3	1	9	4	8	6	10	8	5	1	88	3	61	5	84	7	57	8	88	9	3	3	20	6	13	9	18	2	5	1	62	3	86	4	80	8	81	9	65	4	1	7	106
10	5	5	2	12	3	9	4	11	5	11	8	7	0	3	3	11	4	11	5	8	2	2	4	28	5	41	3	4	0	66	2	72	3	71	4	47	1	1	6	43	7	3	2	36	3	31	4	34	6	1	8	86	9	5	1	39	3	39	4	52	5	61	9	65	4	2	2	2	3	1	8	1	9	17
10	7	1	0	19	0	1	9	70	6	1	2	92	8	4	0	70	2	69	4	76	8	73	9	1	8	70	5	5	1	2	2	2	5	1	8	2	9	2	1	3	3	62	6	48	7	58	2	4	4	3	5	3	6	4	8	3	3	4	2	22	4	14	6	16	9	18	4	4	0	12	3	7	4	7	9	8
10	4	5	0	90	2	100	4	108	7	97	8	89	3	2	2	2	5	2	9	3	1	85	3	83	5	93	0	4	1	16	2	21	6	14	9	17	6	3	2	39	4	55	5	51	2	4	0	101	2	98	5	92	9	92	7	4	0	12	3	12	6	12	9	20	5	5	0	16	1	10	4	13	6	15	7	14	8	1	0	97	1	5	0	90	4	97	6	91	8	88	9	106
10	9	4	0	18	4	17	6	14	9	17	6	1	6	29	7	1	9	29	0	2	4	90	7	72	2	5	0	81	2	53	4	81	6	78	7	78	3	1	1	62	8	4	2	3	3	3	4	3	8	2	5	3	2	2	3	2	6	2	4	5	3	44	4	48	7	56	8	65	9	66	1	4	3	20	4	31	7	26	8	31
10	2	5	0	34	2	40	3	31	6	43	7	30	8	2	0	48	7	33	6	3	2	69	5	59	9	56	9	2	4	34	6	37	0	5	1	70	2	75	3	61	6	72	9	60	5	2	7	38	8	34	3	1	7	22	7	2	4	11	8	13	1	2	2	3	6	6	4	5	1	57	2	55	4	56	5	56	8	62
10	9	2	1	49	5	60	4	2	2	109	7	99	6	5	2	67	4	59	6	50	7	68	8	74	0	1	4	43	1	3	4	20	8	28	9	21	8	3	2	55	4	80	6	82	7	3	1	21	3	20	8	16	3	5	2	26	4	21	5	26	6	20	7	17	2	4	0	13	3	18	7	14	9	15	5	3	3	1	8	1	9	1
10	4	3	2	64	3	90	5	93	9	1	7	22	3	2	1	23	4	27	7	4	2	57	4	55	7	50	8	55	0	5	0	106	1	90	3	84	7	65	8	90	1	4	3	40	5	31	8	32	9	40	6	5	2	40	4	42	6	32	7	41	9	33	5	4	1	86	4	117	7	118	9	114	8	5	0	30	2	23	3	23	5	37	9	36	2	2	2	40	7	40
10	6	1	8	43	5	2	2	33	7	26	9	1	9	99	2	2	0	13	9	12	0	1	8	5	7	5	0	76	2	97	5	70	8	95	9	62	3	1	3	80	1	2	0	17	8	17	8	5	0	85	4	63	5	56	7	83	9	65	4	4	1	44	2	57	4	67	5	66
10	4	3	0	77	1	109	9	107	6	1	6	91	1	3	0	12	5	15	8	13	0	5	2	36	5	46	6	43	8	50	9	41	7	5	2	93	3	115	4	105	5	81	7	84	9	2	0	26	3	23	5	4	0	36	4	39	7	43	8	52	8	3	0	17	7	21	8	25	2	2	5	33	6	27	3	5	0	6	5	5	7	6	8	6	9	8
10	5	4	0	55	1	52	3	51	9	66	4	4	5	107	7	88	8	67	9	88	6	2	6	8	9	8	3	5	1	47	2	44	3	38	4	39	5	45	0	2	1	125	5	87	2	3	1	57	3	77	5	47	1	1	0	76	8	1	1	19	7	3	3	41	4	43	9	42	9	5	0	15	1	16	3	20	7	18	8	23
10	9	3	3	42	8	41	9	30	7	1	7	46	6	1	5	13	3	1	6	45	0	5	0	67	5	86	7	104	8	66	9	105	2	1	0	57	5	5	0	69	3	66	4	47	5	72	7	45	1	3	0	70	4	71	5	80	4	2	3	43	8	56	8	5	0	85	1	81	4	70	5	83	7	63
10	2	5	0	76	2	74	4	66	7	55	8	70	0	3	1	38	6	45	9	39	4	2	1	96	3	122	1	3	0	63	5	59	8	63	7	3	3	45	6	43	7	48	6	3	1	37	7	45	8	38	3	1	8	38	9	3	4	35	5	42	7	39	8	3	1	94	5	103	8	109	5	3	1	8	6	11	7	11
10	4	2	3	17	9	17	8	1	1	45	2	4	0	92	3	78	6	69	8	101	5	5	0	98	4	94	7	93	8	122	9	116	6	2	1	16	6	15	1	4	0	98	1	110	7	77	8	73	7	5	0	101	3	93	4	82	6	104	9	85	9	1	0	27	3	2	4	44	8	36	0	1	6	100
10	3	3	1	26	7	20	8	27	2	2	0	47	8	50	8	1	0	50	4	1	9	25	0	5	1	37	3	45	4	33	5	46	6	34	1	3	3	65	4	93	6	85	9	4	0	26	3	30	7	25	9	22	7	3	1	29	5	35	6	34	6	3	5	35	6	43	8	28	5	4	1	69	2	44	3	53	4	48
10	5	2	3	21	4	25	8	2	5	58	6	62	6	1	4	120	0	1	5	64	9	1	6	67	4	1	8	19	3	3	4	22	5	16	7	22	1	1	5	83	7	1	8	46	2	2	1	29	3	34
10	4	2	6	3	7	3	9	5	0	45	5	47	6	40	8	36	9	39	3	2	0	98	3	70	1	4	0	62	1	66	2	73	9	71	5	5	0	42	2	51	4	49	5	60	9	53	8	1	8	37	7	1	5	20	2	5	2	44	3	39	4	55	6	53	7	35	0	4	0	4	3	5	5	3	6	4	6	5	0	13	1	11	4	11	6	16	8	10
10	8	1	7	58	6	4	0	54	4	62	5	47	8	57	3	4	1	59	2	70	5	81	8	82	2	3	2	86	3	85	7	64	0	4	1	52	3	39	4	44	8	41	7	2	0	94	1	79	5	4	0	44	1	41	7	48	9	33	4	5	0	25	5	20	7	18	8	16	9	20	1	3	0	75	4	55	5	61	9	2	0	40	8	47
10	4	2	0	69	9	89	8	3	0	44	5	31	9	30	2	4	0	90	2	80	4	88	6	56	6	5	1	101	2	84	4	109	5	84	6	100	0	4	2	79	3	124	4	105	7	111	1	5	0	35	1	53	4	48	5	47	8	45	9	3	3	12	4	17	5	14	3	2	4	20	5	25	7	4	0	86	1	121	7	95	8	120	5	1	7	95
10	8	3	1	34	3	35	4	34	9	3	1	42	5	61	8	60	7	1	2	34	5	3	3	66	4	61	8	72	1	1	5	87	6	5	0	69	2	81	4	74	7	68	9	84	4	2	6	63	8	56	3	1	9	14	2	2	0	34	4	33	0	2	0	81	9	50
10	9	5	0	30	2	33	4	35	5	39	8	37	4	1	1	25	8	1	7	48	0	2	2	86	8	78	1	2	3	65	7	82	2	1	1	26	5	4	0	53	2	63	6	49	7	43	3	2	8	7	9	9	6	3	5	3	7	5	9	5	7	5	0	81	1	68	3	60	4	78	9	83
10	7	3	3	77	4	82	6	81	9	3	0	67	2	97	8	68	1	3	1	58	2	61	8	70	5	5	0	91	3	102	6	83	8	83	9	73	3	3	1	65	2	63	9	74	6	5	2	74	3	87	6	115	7	121	9	109	2	3	1	54	4	49	8	60	8	4	1	51	4	50	7	44	9	41	0	3	0	5	3	6	7	5	4	5	3	35	4	37	5	29	7	39	8	30
10	9	3	0	33	1	38	3	41	0	3	5	70	8	95	9	111	2	3	2	38	7	49	8	47	5	5	0	18	1	18	2	20	5	17	8	16	8	2	2	71	7	108	1	4	0	45	1	30	6	45	7	49	4	3	0	45	2	31	7	38	3	1	6	48	7	3	3	119	7	88	8	93	6	2	2	49	3	56
10	7	2	5	33	7	25	6	3	5	8	6	8	9	9	5	2	2	10	6	16	2	2	2	97	9	59	8	2	5	94	6	70	0	4	2	25	3	24	7	23	8	26	9	1	3	106	4	3	0	86	4	85	5	102	3	2	1	81	4	58	1	1	6	67
10	4	4	1	4	2	6	7	6	8	5	8	3	1	61	2	48	6	63	6	5	0	42	1	38	2	57	6	50	9	63	7	3	6	42	7	46	8	41	2	4	0	77	1	66	2	84	6	70	3	1	8	37	5	2	3	81	8	58	9	2	0	62	5	63	1	4	0	93	1	116	4	86	9	91	0	5	1	45	4	28	5	39	6	41	9	43
10	4	2	2	104	9	112	6	1	1	65	7	3	0	102	4	96	8	100	9	2	4	36	6	45	0	4	0	32	2	35	4	34	7	40	1	2	5	37	6	38	2	1	8	64	3	2	4	10	7	10	5	4	0	44	2	32	4	42	5	30	8	5	3	7	4	8	5	7	6	7	8	7
10	0	4	3	76	4	79	6	80	9	79	8	3	5	13	6	12	9	15	1	1	3	41	5	5	0	71	2	90	4	108	7	110	8	103	7	1	4	3	9	3	1	43	3	59	6	58	3	2	3	30	9	28	2	4	1	15	3	17	6	13	9	11	6	3	0	77	3	99	4	75	4	1	8	87
10	3	4	0	14	1	14	7	9	8	11	9	3	1	37	2	36	7	35	4	1	3	63	8	2	1	85	4	75	0	3	0	57	5	41	6	53	1	3	4	87	5	85	7	78	6	4	1	1	4	0	5	0	6	1	5	1	5	48	7	3	1	113	5	103	8	119	2	4	2	61	3	55	7	40	9	40
10	8	3	2	123	3	114	6	78	9	4	0	68	1	73	2	85	8	88	3	2	2	79	5	109	2	1	9	105	0	5	2	65	4	91	6	84	8	94	9	91	4	5	0	11	2	16	4	15	7	10	8	13	5	1	5	111	6	1	7	10	1	5	0	59	1	49	4	47	7	41	9	42	7	4	0	65	2	63	3	64	5	75
10	1	1	7	44	9	3	3	17	7	18	9	23	3	5	0	36	1	36	2	26	3	34	9	39	6	5	1	19	2	24	4	25	8	23	9	19	0	3	0	63	4	74	9	91	7	1	0	71	2	2	1	99	4	89	5	5	0	101	2	74	3	66	7	95	8	75	8	4	2	46	3	77	8	66	9	77	4	3	5	108	6	70	8	89
10	1	4	2	9	3	9	7	9	9	8	8	1	3	31	2	3	0	15	2	12	5	15	9	5	1	11	6	12	7	15	8	11	9	12	3	2	1	47	2	47	5	2	3	30	7	32	0	2	3	44	9	40	6	2	2	115	9	81	4	3	2	8	3	9	7	8	7	4	0	2	1	1	4	2	6	1
10	6	2	4	66	9	84	9	2	2	76	7	72	3	2	2	41	4	47	4	5	2	24	4	34	5	25	8	29	9	37	2	4	0	86	3	81	4	114	7	107	0	2	0	57	3	52	8	1	8	77	7	3	0	11	6	7	9	10	5	4	2	66	4	49	6	51	7	60	1	3	6	65	7	67	8	80
10	3	3	0	33	5	26	8	24	1	4	0	55	3	59	6	47	8	37	0	2	1	107	3	91	2	5	0	12	2	21	3	18	6	18	7	12	6	4	1	19	5	13	8	20	9	16	8	1	8	57	5	1	2	21	7	4	0	34	3	34	5	41	9	36	4	4	0	28	3	27	4	28	7	21	9	4	0	30	5	27	6	29	7	26
10	4	1	8	58	1	5	1	21	2	16	5	19	7	15	8	22	9	2	2	103	9	102	2	4	5	58	7	70	8	64	9	63	3	3	1	62	7	58	9	61	0	4	2	114	4	94	7	107	8	73	6	3	4	23	7	27	8	29	7	3	1	67	5	64	6	55	8	2	2	38	3	55	5	5	1	80	2	94	3	89	4	94	6	77
10	8	1	6	57	1	5	0	11	1	11	3	9	7	10	8	9	3	1	0	72	5	4	1	74	2	55	4	46	6	55	9	4	1	88	3	74	5	89	9	98	7	5	2	63	3	52	5	48	6	58	8	55	6	5	0	44	1	50	3	50	6	60	7	59	4	2	6	80	9	100	2	4	1	64	5	61	6	81	9	78	0	4	1	68	2	60	5	78	6	81
10	6	2	0	93	4	93	2	3	0	39	1	26	7	43	5	5	0	86	1	104	3	81	7	79	8	77	0	5	3	58	4	69	6	66	8	70	9	47	9	2	3	24	6	31	7	5	2	39	3	44	4	38	8	51	9	47	4	4	1	63	2	81	4	59	5	52	3	5	2	39	3	27	4	42	5	33	7	44	1	5	1	30	3	25	5	31	6	30	7	27	8	2	4	26	5	25
10	5	2	6	8	8	10	6	5	0	106	1	98	2	88	7	76	9	77	4	3	2	112	6	96	9	74	1	4	2	3	3	3	5	3	7	2	0	4	0	94	1	83	6	76	7	83	9	5	1	92	3	80	4	69	5	78	9	102	3	1	2	10	7	1	2	94	2	3	4	29	8	42	9	40	8	3	4	44	8	43	9	46
10	7	3	3	50	4	61	6	57	0	5	2	27	4	21	5	32	6	26	9	25	5	4	0	76	3	71	4	85	5	81	8	4	0	56	1	55	2	72	7	66	6	2	2	71	5	80	2	5	0	33	4	30	5	27	8	32	9	35	9	5	2	30	3	38	4	37	6	36	9	25	3	5	1	85	2	53	6	80	7	58	9	59	1	5	3	14	5	13	6	14	7	15	9	12	4	2	1	20	3	16
10	2	2	1	32	5	22	5	1	0	16	6	1	0	11	4	3	1	42	4	46	7	30	8	4	2	14	3	13	5	16	7	19	1	3	1	97	7	79	8	71	9	3	1	47	2	70	7	67	7	5	4	51	5	41	6	43	7	39	9	34	3	4	3	1	6	2	8	1	9	2	0	2	5	5	8	6
10	1	5	2	67	3	93	5	62	7	59	8	63	7	5	0	76	2	117	5	74	8	82	9	111	0	1	9	20	9	1	5	68	5	4	1	30	6	24	7	26	9	32	6	4	1	21	2	20	3	18	8	20	8	4	0	52	3	77	4	56	7	50	4	2	2	34	8	42	3	1	0	91	2	2	1	70	9	75
10	6	1	5	58	7	3	2	104	4	107	7	102	4	4	3	88	4	66	8	63	9	58	9	5	1	20	2	18	6	21	7	12	9	12	8	2	1	2	2	2	3	2	2	70	4	53	2	1	0	100	0	4	1	84	2	61	7	77	8	78	5	2	0	22	1	30	1	4	0	94	2	111	7	73	9	83
10	2	5	2	87	3	89	5	95	6	94	8	89	5	2	2	23	3	17	4	4	3	65	5	65	6	40	8	53	6	2	0	45	2	35	9	3	0	95	2	93	4	96	3	3	0	58	2	56	9	51	7	1	4	52	0	2	0	8	5	8	1	2	0	49	2	63	8	5	3	32	5	27	6	31	7	35	9	32
10	4	2	0	103	2	81	6	2	0	17	5	17	8	2	3	55	9	47	5	4	3	0	5	1	6	1	7	1	3	1	8	10	7	3	1	45	4	50	6	64	2	2	4	89	8	108	9	2	2	64	8	82	0	4	0	120	3	101	5	87	6	107	1	1	7	54
10	8	1	4	62	7	1	3	92	3	4	0	66	5	51	6	64	7	60	6	5	0	29	2	30	3	37	6	37	8	32	0	1	3	75	5	5	0	23	1	21	4	21	7	23	8	26	4	5	1	100	2	104	3	78	5	102	9	67	9	2	1	16	5	17	2	5	0	49	1	48	2	68	3	71	7	51	1	2	3	20	7	23
10	1	1	2	57	0	1	5	44	8	4	1	116	2	82	8	85	9	106	2	3	1	44	6	38	7	41	5	3	1	41	2	29	4	42	7	5	0	13	2	12	4	8	5	13	6	13	6	4	1	83	3	113	5	99	7	120	9	2	0	14	5	11	4	2	5	109	8	108	3	3	1	1	3	2	4	1
10	9	3	0	42	6	43	9	36	3	1	8	65	5	4	2	82	3	86	4	110	9	93	8	3	2	87	5	67	6	86	7	4	0	91	4	102	5	81	6	92	4	2	1	56	9	54	0	1	9	100	2	5	0	66	1	47	3	55	5	44	9	61	1	4	1	47	3	43	6	50	8	49	6	5	1	54	2	47	5	70	7	76	8	60
10	8	3	1	18	3	20	4	19	5	4	1	23	3	25	6	29	9	20	7	5	0	27	1	26	4	36	8	32	9	24	3	1	0	55	6	3	1	87	4	69	9	97	1	4	1	22	4	16	5	22	6	17	0	3	6	40	7	55	9	49	9	5	0	52	2	52	3	64	6	73	9	64	2	2	0	16	5	16	4	1	0	55
10	8	3	1	9	4	8	8	9	4	3	2	90	4	114	5	113	5	3	0	121	1	99	5	103	1	4	2	31	3	26	4	33	8	31	2	4	1	15	3	16	6	13	9	14	0	2	3	62	6	56	7	5	0	48	1	38	4	46	5	45	6	31	3	3	1	41	2	39	4	30	9	2	4	55	9	49	6	5	2	64	3	62	4	67	7	73	8	68
10	7	2	6	69	8	60	6	3	3	62	8	75	9	74	8	2	2	72	9	69	3	2	2	100	7	104	0	3	3	20	5	17	6	20	2	5	0	53	2	44	4	33	6	42	8	37	9	3	1	61	2	43	9	54	1	1	9	14	5	3	6	3	7	3	8	3	4	5	0	37	1	55	5	35	7	56	9	57
10	3	4	1	29	5	38	6	37	8	37	4	3	0	8	5	8	8	12	0	1	6	37	5	5	1	27	3	46	4	37	6	32	7	38	7	5	0	48	1	57	3	58	6	49	7	56	9	3	3	66	5	55	7	70	1	5	3	77	4	69	5	77	7	80	8	63	8	3	3	32	5	46	9	38	2	3	0	17	4	23	7	18	6	1	4	89
