10	5	5
5	1	1	4	28	2	2	2	35	3	55	0	1	1	83	4	2	2	76	4	104	3	1	4	47
5	2	1	3	15	1	2	1	32	4	30	0	2	1	22	3	15	4	2	1	46	2	38	3	1	2	53
5	2	1	0	31	3	1	2	61	4	1	1	20	0	1	2	54	1	1	4	41
5	4	1	0	41	0	1	3	50	2	1	2	78	1	2	2	55	3	63	3	2	0	48	1	71
5	4	1	2	69	0	2	1	81	4	97	1	1	2	53	3	2	1	83	4	54	2	2	0	35	1	25
5	4	2	0	91	2	91	0	2	1	80	4	67	1	1	0	90	2	2	1	73	2	76	3	1	2	12
5	3	1	4	39	2	1	0	17	0	2	1	90	4	105	4	2	1	23	3	23	1	1	2	68
5	4	2	0	18	2	24	1	1	3	78	0	2	1	27	2	26	2	1	4	65	3	1	4	10
5	4	2	1	44	2	57	0	1	4	5	3	1	1	55	2	1	3	78	1	1	4	48
5	4	1	3	49	1	1	2	83	0	2	0	14	4	17	2	1	2	6	3	1	2	5
