15	5	5
5	1	1	0	16	2	2	1	31	4	25	4	1	4	116	0	1	0	60	3	1	2	44
5	3	1	4	42	4	2	1	16	4	19	1	2	3	61	4	65	2	2	3	23	4	25	0	1	0	18
5	2	1	4	32	0	1	3	13	1	2	2	39	3	36	3	1	3	29	4	2	0	89	3	88
5	3	2	1	83	2	70	1	1	1	87	4	2	2	62	3	95	0	1	0	60	2	2	0	65	4	50
5	4	2	0	46	3	46	3	1	0	29	2	1	3	60	1	2	0	15	3	21	0	2	2	95	3	90
5	2	1	2	48	1	2	3	66	4	53	0	2	1	96	3	98	3	1	1	61	4	1	3	86
5	0	1	1	91	3	2	0	67	2	81	1	2	3	90	4	92	4	1	4	78	2	2	0	95	2	107
5	0	1	1	54	1	2	0	42	3	31	2	1	0	47	4	2	0	75	3	99	3	1	1	26
5	2	1	4	121	3	2	1	21	2	21	4	1	1	24	0	1	4	40	1	1	2	53
5	0	1	3	112	4	1	0	72	3	1	3	62	1	1	2	90	2	1	1	36
5	4	2	2	27	3	21	2	1	3	33	0	2	0	110	1	116	3	2	2	57	3	67	1	2	0	7	4	5
5	0	1	2	70	4	1	3	7	2	2	1	95	2	118	1	1	3	10	3	2	3	39	4	27
5	4	1	3	54	3	2	1	20	3	12	1	2	2	98	4	100	2	1	0	47	0	1	4	43
5	4	2	0	41	2	40	1	2	0	42	4	56	0	1	1	32	2	1	0	24	3	2	2	51	3	54
5	0	2	0	100	4	82	1	2	1	44	4	47	2	2	1	42	3	41	4	1	0	7	3	2	0	43	3	43
