30	10	10
10	0	4	0	67	3	68	6	57	8	65	2	1	0	89	3	4	1	22	4	19	6	30	7	19	7	4	0	31	1	34	2	22	9	29	9	2	2	113	9	100	6	3	0	75	1	84	6	98	8	2	6	7	9	5	5	2	3	93	4	83	1	4	1	34	2	43	3	40	8	55	4	3	1	34	2	40	5	34
10	3	3	7	38	8	27	9	29	0	5	0	89	5	102	6	76	8	114	9	78	6	3	0	56	1	53	8	52	2	4	1	90	4	97	7	68	9	109	8	5	0	100	1	99	2	92	5	96	7	107	9	5	1	73	2	71	5	93	8	98	9	90	1	4	1	18	7	22	8	20	9	25	4	2	0	47	7	52	7	3	0	19	1	12	5	20	5	4	0	3	1	6	2	3	8	3
10	4	2	6	37	7	32	3	4	0	76	3	57	5	57	7	59	8	1	4	49	9	1	4	85	1	3	1	62	2	56	6	42	6	1	1	15	5	3	0	72	3	73	9	94	2	3	1	46	3	60	8	59	7	3	6	75	7	85	8	81	0	2	0	61	4	47
10	1	3	0	60	2	59	4	61	5	2	2	45	8	38	0	2	0	62	1	62	6	2	2	7	5	11	2	1	5	58	9	4	0	13	6	20	7	19	9	15	3	1	9	33	4	3	0	37	5	33	6	28	8	5	2	67	4	80	5	88	7	74	8	108	7	2	6	90	8	90
10	0	5	0	59	1	51	2	41	3	49	8	43	4	2	3	22	5	26	3	4	4	53	5	37	6	50	8	51	5	1	7	54	1	3	0	31	4	27	5	27	9	5	0	20	2	21	4	20	8	21	9	21	6	2	6	82	8	96	8	2	1	81	7	82	7	3	5	48	7	49	8	36	2	4	2	73	4	87	6	83	7	92
10	7	1	6	102	0	3	0	33	4	35	9	38	1	3	1	5	3	5	9	5	6	1	4	20	5	3	4	73	5	65	9	52	3	3	0	70	3	70	4	50	4	2	5	40	6	39	2	4	2	46	4	58	5	71	8	56	8	4	0	77	1	48	6	71	8	77	9	4	2	40	4	29	5	37	9	43
10	7	5	0	89	1	74	5	78	7	112	9	102	5	5	1	77	4	88	5	106	7	111	9	87	1	1	6	34	8	4	0	5	5	4	8	4	9	6	2	2	1	64	6	90	4	5	2	6	3	4	5	5	7	5	8	3	3	2	4	77	9	59	0	3	0	5	3	4	4	6	9	3	2	79	5	89	6	63	6	3	3	48	5	71	6	62
10	2	2	4	94	5	81	4	5	2	5	3	5	5	4	6	4	8	5	7	3	0	19	5	21	6	15	8	1	9	43	6	5	0	42	2	35	3	26	6	27	8	38	3	1	4	20	9	1	6	20	5	4	0	73	4	81	5	53	7	58	1	5	1	20	2	13	5	16	6	17	9	17	0	2	1	48	8	50
10	7	2	2	66	6	48	9	2	0	54	9	56	2	1	9	17	8	2	3	89	9	106	6	2	0	48	2	37	3	4	4	29	6	21	8	20	9	25	5	5	0	65	1	104	2	71	8	79	9	85	4	5	0	37	1	42	2	49	5	58	6	45	0	5	0	92	2	72	5	95	6	92	7	116	1	2	4	19	8	25
10	9	1	9	79	6	1	8	74	5	2	2	8	3	7	1	3	2	44	3	48	6	45	2	5	2	17	4	19	6	20	7	15	9	15	8	1	8	52	0	4	1	73	2	86	5	62	6	68	4	3	0	102	2	82	7	99	3	4	0	45	4	58	6	58	9	49	7	5	3	95	4	83	5	92	6	101	8	113
10	8	4	3	11	4	11	7	8	8	8	0	5	2	64	3	65	4	72	6	100	8	80	9	3	0	5	2	5	7	6	3	5	1	55	2	68	4	79	6	65	8	78	6	3	0	107	1	112	9	105	5	3	1	84	2	65	4	105	4	3	4	19	5	13	9	19	2	3	0	45	4	37	6	40	7	4	4	62	5	76	7	82	9	94	1	5	1	65	2	61	5	78	6	84	8	96
10	4	3	1	75	5	55	6	83	3	3	6	20	7	25	8	29	0	2	0	31	7	30	8	3	1	59	4	65	5	65	2	4	6	50	7	43	8	35	9	47	1	2	2	45	8	58	7	5	4	84	5	83	6	86	7	68	9	74	6	1	4	48	5	2	4	54	7	59	9	1	6	38
10	9	4	3	45	5	44	6	51	9	53	1	1	8	9	6	3	3	63	4	71	5	86	7	5	0	76	2	99	5	98	6	112	7	106	0	1	3	116	8	2	2	15	7	11	4	5	3	14	4	12	5	17	6	13	8	11	2	5	4	85	5	80	6	93	7	71	9	61	5	4	0	72	1	110	3	103	6	109	3	4	1	10	4	15	7	15	9	17
10	0	1	1	13	6	4	2	23	5	28	8	31	9	31	1	5	2	81	3	66	5	55	6	78	8	68	3	5	2	49	5	42	6	36	7	39	9	57	8	4	0	66	1	97	5	70	7	82	5	1	3	38	4	4	0	38	1	31	5	35	8	27	9	1	5	31	7	3	1	106	3	102	5	88	2	4	2	56	6	58	7	64	9	54
10	2	3	0	15	7	10	9	15	0	1	3	44	5	2	0	74	4	120	6	1	2	5	3	3	1	47	7	38	8	56	7	5	1	17	4	17	5	16	7	15	9	24	1	2	1	15	3	14	9	1	2	22	4	1	3	55	8	5	0	27	2	29	3	34	4	28	8	32
10	1	2	5	87	8	96	5	4	0	48	5	41	6	52	7	49	6	2	3	82	6	89	0	3	0	43	8	48	9	32	8	2	2	92	5	96	4	4	0	27	2	23	5	35	8	34	9	3	0	62	6	58	9	60	2	2	2	44	6	64	7	3	0	108	6	66	7	67	3	3	1	45	5	47	9	64
10	4	3	3	52	6	46	7	39	7	4	0	62	2	54	4	48	5	42	1	2	7	18	9	12	8	5	0	16	4	10	6	16	7	15	8	16	0	1	5	104	6	4	2	38	4	59	7	38	9	44	9	1	8	38	5	1	7	55	3	4	2	9	4	12	5	9	6	7	2	3	2	41	5	34	8	35
10	1	4	0	29	4	29	6	26	9	30	0	5	1	48	3	46	4	43	5	45	7	53	7	5	0	46	1	47	2	49	8	72	9	60	8	2	2	33	6	40	4	5	1	53	3	59	6	44	8	54	9	58	5	5	1	44	3	45	4	42	5	31	8	46	9	2	4	82	9	87	2	3	2	22	4	27	6	27	3	4	0	105	2	97	7	102	9	108	6	1	8	65
10	0	2	4	96	5	88	6	4	2	77	5	70	8	86	9	73	1	1	3	55	5	4	1	71	2	66	4	53	9	63	9	2	8	79	9	111	8	3	4	11	6	10	8	9	3	5	1	52	2	50	7	51	8	52	9	59	4	4	0	61	1	50	2	50	4	57	2	2	1	33	7	26	7	5	1	111	2	120	3	111	5	97	7	81
10	1	2	5	16	7	10	0	2	1	46	2	47	6	5	0	74	4	102	5	77	7	107	8	106	5	5	0	3	1	4	2	5	4	6	7	6	4	4	0	65	1	61	6	57	9	59	7	2	1	74	8	77	8	4	0	24	2	27	4	19	7	18	2	2	2	62	7	74	9	3	0	51	3	52	6	65	3	1	1	60
10	7	4	1	75	5	47	6	52	8	72	9	4	0	15	1	19	2	18	3	23	6	1	8	32	3	3	2	11	5	17	6	12	8	1	6	73	2	5	0	78	3	53	6	53	7	77	8	51	4	3	1	6	5	8	9	10	1	1	7	58	0	5	2	17	3	22	5	14	6	17	8	20	5	5	0	39	2	37	4	30	6	31	7	37
10	2	2	1	26	9	32	5	4	5	39	6	34	7	39	9	48	4	5	1	55	2	89	4	76	7	89	8	55	0	4	1	61	2	42	3	52	9	58	6	4	3	89	4	72	8	87	9	104	9	3	3	69	6	90	9	84	8	5	0	22	3	18	4	19	8	20	9	20	7	3	2	9	3	10	8	9	3	2	3	31	4	27	1	3	3	73	4	84	8	102
10	4	5	0	56	2	47	3	58	4	56	8	53	3	2	7	84	9	60	6	3	0	42	5	43	8	42	2	4	2	88	3	109	5	119	6	110	9	4	3	6	5	7	6	8	7	10	0	5	0	16	1	15	2	14	6	18	8	21	7	1	6	19	8	3	1	73	3	113	6	81	5	2	6	63	8	45	1	1	5	48
10	8	1	9	24	1	3	2	61	3	74	8	86	3	5	0	96	3	74	5	108	7	111	9	80	5	4	0	31	3	35	6	44	8	34	9	2	1	61	6	49	4	2	2	83	7	77	6	1	3	79	0	5	0	66	2	59	3	56	5	59	8	44	2	2	1	81	2	79	7	2	3	42	7	40
10	5	1	3	11	3	5	2	3	3	3	4	3	5	5	8	3	2	1	4	20	0	5	3	106	4	79	6	73	7	90	8	103	1	5	0	100	1	109	2	82	4	92	9	88	9	5	1	32	3	25	4	24	5	24	9	23	6	3	6	82	8	89	9	73	8	1	5	23	7	1	8	8	4	5	2	32	3	36	5	40	8	48	9	34
10	7	1	4	57	2	5	0	52	2	58	4	62	6	67	9	49	0	5	0	23	1	20	2	16	7	25	9	21	9	5	0	6	4	5	6	5	8	8	9	6	5	4	1	24	2	36	4	33	5	34	6	1	0	89	1	1	1	70	4	2	2	33	6	39	3	4	1	30	2	27	3	27	6	19	8	4	0	43	3	33	5	39	8	47
10	5	5	2	100	3	83	4	101	6	80	8	68	0	3	0	18	4	19	8	21	9	3	4	36	5	58	6	46	2	2	4	44	9	39	1	5	2	28	3	37	5	32	6	27	7	22	6	4	1	92	6	112	7	106	9	113	7	1	5	56	8	2	3	62	9	64	3	1	6	52	4	5	2	20	4	20	6	24	7	26	8	20
10	6	1	5	67	5	2	1	24	7	17	8	4	2	24	4	21	6	21	7	20	1	1	1	68	3	3	2	48	3	37	5	40	0	1	7	21	7	4	2	40	3	54	6	46	7	42	2	4	0	55	2	42	8	36	9	46	9	1	2	49	4	3	0	29	1	30	7	34
10	0	3	1	41	4	60	6	43	9	5	0	47	1	33	2	32	3	33	7	52	3	4	0	72	4	85	6	83	7	86	5	1	3	5	1	5	2	94	4	86	5	95	6	77	9	60	7	2	0	57	6	66	4	3	2	62	6	85	9	74	2	1	6	86	6	2	6	75	9	72	8	5	1	27	3	44	5	42	6	44	8	27
10	3	5	1	26	2	39	4	40	5	25	7	24	9	4	2	117	3	111	5	81	8	76	2	4	1	15	3	10	4	10	9	11	0	2	4	55	8	67	6	4	2	101	4	120	6	109	9	87	8	1	4	19	4	4	1	41	2	37	4	36	7	46	5	3	5	50	8	53	9	56	1	4	2	65	4	85	6	61	9	51	7	2	3	112	9	97
