50	10	10
10	4	4	4	55	5	59	6	73	8	65	1	2	3	32	7	37	2	3	2	94	5	72	8	73	0	4	0	82	2	69	3	76	9	69	3	5	0	80	1	70	4	55	6	54	9	63	5	4	0	81	1	79	3	74	4	67	7	3	3	30	6	34	7	30	6	5	2	71	3	62	7	101	8	64	9	73	8	3	0	53	5	62	8	53	9	3	2	42	7	59	9	57
10	2	3	0	12	2	13	8	15	3	3	3	54	5	39	9	45	0	1	2	16	4	5	2	62	4	69	5	59	6	80	8	75	1	5	3	22	4	30	7	33	8	21	9	27	7	2	0	43	8	71	6	3	6	82	7	75	8	70	8	3	3	20	6	17	7	14	9	2	2	14	4	21	5	5	1	42	5	48	6	44	8	56	9	56
10	4	5	0	25	2	28	4	25	6	20	7	29	1	4	2	79	4	81	5	80	8	65	0	4	1	59	2	62	3	67	5	58	3	2	1	21	8	13	2	2	5	14	8	20	8	1	5	29	6	3	3	79	5	92	8	115	9	1	5	75	7	1	7	64	5	2	3	13	5	12
10	3	2	1	54	5	77	0	3	1	26	3	35	9	31	2	5	0	34	1	30	3	37	5	32	6	27	1	3	2	45	3	47	6	37	4	4	3	68	4	53	5	55	6	61	8	2	5	10	7	15	9	4	2	1	3	1	5	2	8	2	5	2	7	104	9	76	7	1	3	99	6	5	1	86	2	70	3	88	4	111	6	85
10	2	5	1	111	2	111	3	102	5	83	8	79	4	4	1	39	5	58	6	58	8	56	3	3	0	28	4	36	5	39	1	4	0	33	4	23	8	23	9	23	0	5	0	21	2	29	3	21	4	28	6	30	6	4	1	67	4	57	8	64	9	73	8	1	4	100	9	5	0	46	1	60	3	62	4	73	6	58	7	2	0	101	9	100	5	5	0	60	1	58	3	71	6	66	7	53
10	4	4	0	97	1	76	8	78	9	76	0	4	0	41	4	66	7	64	9	48	3	4	2	80	6	73	8	63	9	75	1	2	1	81	2	74	2	3	3	97	4	80	8	82	7	5	0	95	5	93	7	95	8	109	9	117	5	2	0	70	8	67	8	1	4	57	9	5	3	70	4	86	6	71	7	73	8	98	6	1	3	23
10	1	1	1	19	4	2	6	15	9	14	0	2	2	105	8	72	3	1	7	21	2	2	7	39	8	38	8	5	0	61	1	73	3	71	8	86	9	85	7	2	5	9	7	6	5	2	6	60	8	68	6	4	1	82	3	80	4	77	9	80	9	2	1	70	5	57
10	3	1	8	22	1	3	3	45	8	30	9	31	0	4	0	12	1	13	7	15	8	14	4	1	6	4	2	1	7	73	6	3	1	55	5	56	6	42	8	5	1	96	2	94	3	63	5	79	9	74	9	5	0	4	1	4	3	4	6	5	8	4	7	2	3	28	9	29	5	4	0	33	1	25	6	35	7	37
10	2	5	1	44	3	43	7	31	8	33	9	34	0	4	0	76	4	75	6	91	9	81	3	5	0	121	1	107	7	108	8	113	9	91	4	1	6	64	1	5	0	16	4	18	6	14	8	15	9	20	9	5	0	86	1	69	2	73	4	77	6	67	6	4	1	120	4	88	5	87	7	78	8	1	8	64	5	5	3	66	5	74	6	87	7	86	9	63	7	1	9	41
10	2	5	1	19	2	15	3	25	5	17	8	23	1	3	1	88	2	89	4	94	0	5	1	73	3	69	4	83	6	77	8	85	3	2	3	86	5	69	4	4	0	43	3	53	5	42	7	56	7	5	0	84	2	109	5	95	7	72	9	82	5	1	3	123	9	4	2	12	4	12	6	13	9	17	8	4	0	70	2	61	3	64	7	74	6	1	4	80
10	3	4	1	62	2	54	4	52	6	67	4	4	0	88	2	84	3	119	8	92	0	4	1	7	3	10	5	10	6	7	2	5	0	58	2	68	3	50	4	54	5	62	1	1	2	45	8	2	3	52	9	50	7	1	5	34	9	2	5	82	9	64	5	1	1	80	6	1	0	56
10	2	1	8	23	0	3	5	18	6	13	7	13	3	4	0	34	2	44	3	36	7	30	4	4	0	101	1	118	4	112	6	73	1	3	4	67	5	45	6	62	7	1	1	70	6	2	3	2	5	2	5	4	1	91	2	89	3	72	4	75	8	2	4	105	6	85	9	3	1	45	4	69	9	71
10	4	5	0	17	2	19	5	15	6	22	7	22	1	2	0	62	4	86	2	2	5	1	7	1	0	3	0	105	1	85	3	88	3	4	0	39	1	37	3	41	4	45	9	3	2	28	5	31	8	28	7	4	0	68	3	66	5	68	9	65	5	1	7	55	8	1	7	43	6	1	4	90
10	0	1	4	7	1	3	1	60	3	45	6	49	4	1	9	111	3	1	4	105	2	4	2	33	3	32	6	29	8	22	9	1	7	44	5	4	0	35	4	28	5	26	9	36	6	5	0	65	1	65	5	51	6	54	7	77	7	1	5	95	8	2	0	14	8	15
10	4	2	3	1	5	1	3	5	2	7	3	10	4	9	8	11	9	7	0	2	0	14	8	17	1	4	3	39	5	42	6	42	7	32	2	1	9	114	6	2	1	16	7	22	9	3	6	100	7	78	8	61	8	4	2	67	5	68	6	48	8	58	5	5	3	79	5	76	7	70	8	64	9	57	7	1	2	50
10	2	3	3	47	7	35	8	52	1	1	0	4	4	2	0	24	2	24	3	1	3	42	0	1	4	12	5	2	0	118	3	111	9	4	2	54	3	66	7	53	8	52	6	1	9	8	7	3	0	22	3	30	4	28	8	1	8	34
10	0	2	2	24	8	17	1	5	0	65	1	64	2	77	4	63	9	61	4	5	0	16	2	24	4	17	6	27	8	20	2	3	5	75	7	74	8	73	3	2	6	47	8	57	9	2	5	29	6	22	7	3	1	19	3	20	9	24	5	3	0	2	5	1	6	2	8	3	1	47	5	59	8	42	6	2	5	100	8	91
10	3	5	1	10	3	6	4	11	5	7	8	10	4	3	2	44	5	30	6	30	0	5	2	2	4	2	5	2	6	1	7	1	2	2	0	81	2	62	1	5	0	12	3	15	5	13	6	17	7	18	8	5	0	19	2	21	3	25	4	30	7	19	5	3	0	97	1	102	8	76	6	1	3	101	7	3	0	59	4	61	7	53	9	1	1	62
10	3	4	3	4	5	7	7	6	8	5	1	3	0	7	3	6	8	7	0	1	9	62	2	4	3	4	6	3	7	3	8	5	4	2	7	46	9	63	7	3	2	12	3	11	9	10	5	4	2	62	5	56	6	57	7	60	8	4	1	10	5	13	6	12	9	9	6	1	5	89	9	4	0	32	2	29	5	24	6	35
10	1	2	5	44	9	37	2	5	0	109	3	93	4	73	7	106	8	114	3	1	9	76	4	5	0	75	3	72	4	60	5	55	6	49	0	1	7	103	9	1	7	4	7	5	0	38	1	25	3	30	4	25	9	37	8	4	2	71	3	105	7	105	9	90	5	5	1	74	3	88	4	103	6	114	7	71	6	5	0	98	2	106	3	83	5	117	8	74
10	1	4	0	40	2	33	5	37	8	39	2	1	1	16	4	1	5	23	0	3	0	60	2	74	8	82	3	4	2	8	4	7	6	8	9	8	5	2	3	72	6	54	8	5	1	24	2	33	5	26	6	31	9	22	6	5	1	21	3	17	6	18	7	18	9	24	9	4	0	13	3	8	5	13	8	10	7	2	1	104	9	74
10	1	3	1	83	2	87	4	94	4	3	1	11	4	8	8	8	0	4	1	21	4	30	6	23	7	22	3	3	1	44	3	66	4	65	2	2	5	93	6	85	5	4	1	21	2	32	3	20	9	20	7	4	0	25	3	23	5	23	7	23	8	2	3	47	5	55	6	4	0	43	1	36	7	27	8	46	9	3	1	49	4	38	6	47
10	1	1	0	45	3	4	2	28	5	36	8	27	9	32	2	2	6	89	8	70	0	5	1	6	2	6	4	7	6	6	9	6	4	1	2	10	6	1	7	54	5	5	3	106	4	89	5	77	6	86	9	111	8	4	0	6	2	3	4	6	6	4	9	3	0	31	4	27	7	26	7	3	0	52	1	77	4	71
10	0	4	0	16	1	17	3	17	6	13	2	2	7	80	9	85	4	5	1	88	2	96	4	110	6	114	8	110	3	4	0	87	5	90	8	74	9	86	1	4	0	53	6	65	8	62	9	68	7	1	4	59	5	2	2	110	8	85	8	2	1	70	9	80	6	1	6	59	9	4	0	81	3	79	5	95	9	100
10	3	1	3	82	2	3	0	45	7	42	9	39	1	5	1	85	4	71	5	93	7	78	8	89	0	3	0	47	6	32	9	50	4	5	2	42	3	39	7	41	8	34	9	27	5	3	1	13	6	18	8	17	7	5	2	21	3	20	4	22	8	21	9	23	9	5	0	57	3	45	4	59	7	45	9	48	6	1	3	51	8	1	9	22
10	3	1	4	45	1	2	0	75	1	81	0	4	2	64	3	85	4	75	9	74	2	3	2	39	7	42	9	36	4	3	2	73	3	76	5	73	5	3	7	85	8	101	9	67	7	5	0	5	3	6	5	8	8	5	9	8	8	4	0	81	1	93	6	70	8	70	6	4	2	42	5	51	6	47	7	64	9	5	1	32	4	40	6	31	8	38	9	36
10	2	1	7	8	4	3	2	1	3	1	8	2	0	4	0	9	2	14	3	14	8	11	3	5	1	53	4	67	5	47	7	47	8	43	1	3	3	68	6	75	9	72	9	1	4	81	6	3	4	7	6	7	8	6	5	3	1	97	5	67	7	81	8	1	0	28	7	1	6	99
10	0	2	1	6	5	8	4	3	0	42	1	40	2	47	3	1	4	42	2	3	0	66	3	61	4	51	1	1	8	58	9	2	0	53	1	53	8	5	3	90	5	66	6	77	8	71	9	69	7	2	0	85	4	89	6	3	3	46	7	40	8	56	5	2	4	41	6	43
10	2	5	3	64	4	57	7	58	8	51	9	51	4	2	4	68	7	92	1	1	1	38	0	5	1	30	3	43	5	35	7	32	9	26	3	4	0	55	2	52	4	48	6	54	7	5	4	5	5	3	6	4	8	3	9	5	5	2	7	17	9	15	9	2	3	107	7	68	6	4	0	82	5	89	6	55	7	69	8	3	0	82	6	60	7	69
10	0	4	1	2	3	1	7	2	8	2	4	5	1	33	2	33	5	43	8	47	9	33	3	4	1	49	4	33	7	35	8	44	1	2	4	51	5	65	2	1	4	61	7	2	3	5	6	6	8	1	8	77	9	1	5	34	5	2	3	105	9	97	6	1	9	55
10	2	4	4	42	6	29	8	29	9	25	0	5	0	79	1	70	2	71	6	85	8	103	3	3	0	1	8	1	9	1	1	3	4	19	7	21	9	27	4	5	2	48	3	54	4	55	5	50	9	55	8	1	4	63	7	5	1	92	3	70	6	80	8	66	9	104	5	3	2	54	3	61	8	57	6	2	6	60	9	64	9	5	3	47	4	52	5	40	6	45	7	46
10	4	3	2	5	3	5	7	3	2	1	3	58	1	4	0	14	1	15	3	16	9	16	0	2	1	21	2	22	3	2	0	89	5	113	5	2	2	73	5	58	7	4	0	39	1	24	5	30	6	26	9	4	1	37	2	41	3	43	8	57	8	3	4	100	6	69	9	77	6	5	2	45	3	59	5	37	7	44	8	42
10	4	1	3	72	2	2	2	93	9	75	0	4	0	78	5	57	6	62	9	66	3	3	3	103	6	84	8	78	1	2	0	102	1	102	7	5	0	97	2	74	4	117	5	121	6	96	8	1	9	41	5	5	1	2	4	2	6	2	8	3	9	3	9	4	2	91	3	83	7	78	9	87	6	5	0	88	2	115	3	78	4	76	9	84
10	3	5	1	73	2	78	4	95	5	113	7	76	1	1	9	12	0	4	0	15	2	20	3	23	8	21	4	3	4	15	5	10	7	9	2	1	8	26	7	1	8	21	9	2	1	81	2	79	5	3	2	95	8	80	9	74	6	4	2	43	3	41	5	44	6	44	8	4	0	107	2	112	6	76	7	106
10	0	2	4	56	5	51	4	2	6	44	7	43	3	4	2	73	4	95	5	101	7	92	2	4	0	105	1	105	5	76	9	87	1	2	1	33	9	39	7	3	3	43	5	40	8	50	8	2	8	26	9	23	5	2	1	9	5	9	9	3	0	2	6	2	9	3	6	5	5	41	6	50	7	39	8	56	9	58
10	0	5	1	48	2	53	4	55	7	72	9	56	4	5	0	14	1	23	2	20	5	18	9	15	2	3	0	20	7	14	8	20	3	1	5	63	1	2	2	34	7	25	9	2	4	35	8	30	5	5	4	49	5	72	7	65	8	57	9	72	6	5	1	103	3	94	4	90	5	83	8	70	7	3	3	1	4	1	9	1	8	4	0	78	1	77	2	67	3	98
10	0	2	6	29	9	39	2	1	1	84	1	3	3	83	4	117	5	87	3	1	2	2	4	2	0	6	3	8	9	5	1	58	2	50	3	51	5	44	9	53	6	4	0	24	2	33	8	40	9	40	8	1	1	27	5	5	0	4	1	5	2	5	6	4	8	6	7	4	0	71	4	69	6	71	8	70
10	3	1	1	6	4	3	0	48	1	35	3	53	2	5	0	19	1	18	3	18	5	20	9	19	0	3	3	87	4	101	7	115	1	3	2	60	5	70	8	70	7	3	0	23	7	20	9	27	9	2	2	58	6	85	8	3	2	105	5	98	9	122	5	3	1	56	6	44	9	63	6	5	2	22	4	24	5	22	7	15	8	24
10	2	1	3	95	4	4	2	101	3	87	6	76	9	83	3	1	4	48	0	1	1	24	1	3	1	20	4	18	8	23	5	1	6	2	8	4	2	72	3	63	6	82	9	73	9	4	1	47	6	51	8	44	9	53	7	1	7	65	6	1	8	83
10	3	4	1	24	2	34	5	35	6	25	0	5	2	76	4	87	6	71	7	69	9	102	2	4	3	88	5	77	7	77	8	82	1	5	1	66	3	66	5	61	7	71	9	85	4	2	3	68	7	65	5	4	3	57	4	65	7	48	8	59	9	1	3	17	7	3	4	62	5	74	8	79	6	5	1	63	4	51	7	56	8	72	9	50	8	1	3	95
10	4	5	2	4	4	3	5	4	7	3	9	3	0	4	0	99	1	121	4	108	8	81	2	4	0	75	4	84	5	80	7	79	1	4	2	11	4	8	5	11	9	12	3	4	0	33	1	29	2	28	8	27	5	4	1	62	4	71	5	64	9	98	7	3	0	24	2	28	9	26	9	5	1	66	4	95	5	79	7	78	8	96	6	3	2	22	5	23	9	26	8	1	5	11
10	0	1	2	79	3	4	2	10	3	7	5	9	7	7	4	2	0	54	6	68	2	5	0	67	1	95	4	75	6	67	7	64	1	4	1	67	2	45	5	74	7	67	5	2	2	61	4	78	8	4	2	69	4	70	7	89	9	82	6	4	0	27	4	26	5	29	6	33	9	4	0	12	1	7	2	10	4	10	7	1	8	32
10	0	4	2	52	3	42	4	57	6	41	3	5	0	7	3	6	4	4	8	7	9	6	4	3	1	6	6	7	9	7	1	5	1	75	2	56	3	87	6	62	9	74	2	3	7	41	8	42	9	49	7	3	1	60	6	61	7	66	8	5	0	66	1	59	5	73	7	64	9	79	6	4	2	26	5	28	8	39	9	37	9	2	2	85	9	93	5	2	5	58	7	76
10	4	2	0	16	7	18	3	1	3	17	1	3	1	15	2	17	4	21	0	3	0	69	2	96	8	86	2	4	3	97	5	119	7	92	9	95	9	1	8	67	8	4	1	66	3	48	7	62	9	72	6	3	4	36	8	46	9	46	5	2	6	65	7	45	7	1	0	73
10	1	1	3	29	4	5	0	89	1	85	4	96	6	76	8	61	2	2	3	66	8	94	3	4	0	87	2	82	4	84	6	88	0	5	1	53	2	42	3	47	4	58	7	47	5	3	2	66	3	75	5	91	7	5	3	62	4	69	5	78	6	100	8	101	9	5	0	25	1	37	3	34	5	36	9	36	8	2	1	10	9	8	6	1	2	58
10	0	5	2	77	4	80	5	65	6	52	7	70	4	3	1	72	8	81	9	105	3	2	1	86	6	90	2	4	2	52	5	61	7	80	8	63	1	3	3	20	6	13	9	17	9	2	0	32	3	20	6	4	1	80	4	77	8	62	9	72	7	5	2	79	4	58	6	84	7	61	8	64	5	5	0	96	1	95	4	66	5	84	8	93	8	4	1	85	4	57	7	84	9	74
10	1	2	0	50	8	47	2	2	6	55	9	50	0	4	0	86	1	111	5	102	9	81	3	2	2	1	4	0	4	2	3	87	7	91	8	2	4	49	7	31	5	2	0	110	7	102	9	1	9	85	6	1	0	68	7	3	2	2	6	3	9	3
10	3	4	0	44	3	43	4	37	7	48	0	2	3	103	5	93	1	3	1	3	4	4	8	3	2	5	1	75	2	85	4	84	6	113	9	107	4	5	1	81	2	61	3	74	5	75	7	86	6	4	0	16	1	24	5	19	7	20	5	1	3	12	7	3	0	18	1	23	9	24	9	3	0	56	4	65	9	74	8	3	0	68	2	75	5	80
10	0	2	0	74	1	77	4	3	5	75	6	81	9	96	1	3	0	23	1	19	5	14	2	4	1	58	4	62	7	63	8	53	3	1	6	79	5	5	4	9	5	16	6	14	8	14	9	16	8	4	1	68	3	78	4	104	6	103	6	1	9	89	9	4	1	44	3	45	6	50	8	34	7	1	5	16
10	4	4	0	10	3	8	5	6	8	9	0	3	2	64	5	47	9	72	3	3	0	28	2	23	6	27	2	4	2	70	3	111	5	72	8	110	1	1	1	8	9	5	0	0	1	1	5	1	6	1	7	0	7	1	1	16	6	3	1	6	2	9	6	8	5	2	2	102	6	84	8	1	7	26
