20	5	5
5	3	2	0	6	4	6	4	2	2	43	4	51	2	1	3	44	0	1	1	8	1	2	0	43	3	71
5	1	2	1	88	3	71	4	2	1	100	4	86	0	1	4	88	2	1	1	71	3	1	1	89
5	2	1	0	67	3	1	2	106	1	1	1	66	4	2	0	37	1	33	0	1	3	65
5	0	1	4	14	3	1	1	47	4	1	1	61	1	1	0	19	2	2	3	23	4	29
5	2	2	2	36	4	48	4	1	0	63	3	1	3	62	0	2	0	40	4	44	1	2	1	36	3	49
5	0	2	1	11	2	9	4	1	3	83	3	2	0	38	2	28	2	1	2	79	1	1	1	19
5	2	2	3	18	4	17	0	1	4	62	1	2	1	106	2	74	4	2	0	79	2	88	3	1	0	8
5	3	2	0	47	3	45	2	1	4	46	1	1	0	60	4	2	0	34	4	29	0	1	1	9
5	1	1	2	81	2	2	2	97	3	106	4	2	0	54	4	37	0	1	3	48	3	2	1	60	4	64
5	3	2	2	16	4	11	2	2	1	52	2	72	0	1	3	15	4	1	2	19	1	1	2	67
5	4	1	3	78	2	2	1	30	4	24	0	1	0	44	1	1	4	51	3	1	3	60
5	3	2	1	84	3	61	1	1	1	106	0	1	4	65	2	2	1	84	3	70	4	1	2	5
5	1	1	3	61	3	2	3	32	4	27	0	2	2	100	4	117	4	2	0	6	2	5	2	2	2	66	3	78
5	4	2	1	38	4	41	0	1	2	20	3	1	1	38	2	2	2	50	4	45	1	1	4	75
5	2	2	2	39	4	38	1	2	3	7	4	6	4	2	2	13	4	17	3	1	1	93	0	2	1	39	4	31
5	4	2	0	58	1	88	1	2	0	83	3	85	3	2	3	45	4	50	0	1	1	34	2	2	1	79	3	57
5	1	2	2	74	4	97	0	1	0	89	4	2	0	74	1	75	3	1	0	14	2	1	4	92
5	0	2	1	55	2	63	4	1	3	39	2	1	1	13	1	1	1	76	3	1	1	29
5	1	2	1	32	2	24	4	2	3	64	4	85	0	2	2	65	3	42	3	2	1	7	2	6	2	2	0	7	2	4
5	3	2	0	56	3	60	1	1	0	76	0	1	1	47	2	2	1	40	2	31	4	1	0	75
