50	10	10
10	7	5	2	7	4	11	5	6	6	9	8	8	2	5	0	69	4	70	7	48	8	68	9	69	9	3	1	60	6	66	8	60	5	3	1	34	6	39	9	33	6	2	4	82	7	92	0	2	1	35	8	41	1	1	3	94	4	1	9	55	3	5	0	25	2	26	5	19	6	20	8	22	8	3	1	87	3	108	4	100
10	9	5	1	97	2	90	6	77	8	75	9	85	1	3	1	26	2	41	5	27	8	2	1	31	8	41	5	1	3	21	6	4	3	20	4	21	6	15	9	20	3	5	2	97	4	86	6	80	8	83	9	88	7	1	2	71	4	3	3	32	4	36	8	30	2	5	0	37	1	38	6	34	7	33	9	36	0	3	0	18	6	18	7	25
10	7	2	1	13	9	11	5	2	4	52	6	61	3	5	1	59	3	39	5	44	8	44	9	59	9	5	1	40	3	40	6	27	7	31	9	40	4	4	4	62	5	48	7	45	9	59	1	2	4	15	9	20	2	2	6	66	9	79	0	2	3	29	6	18	8	2	1	67	8	53	6	2	0	40	9	45
10	2	1	1	71	3	1	8	71	8	2	6	31	7	46	5	2	6	31	9	32	7	3	0	23	7	27	9	22	6	1	1	65	9	4	1	6	2	5	4	4	7	5	0	5	0	28	1	29	3	36	6	33	8	44	4	2	3	119	6	121	1	2	4	31	7	39
10	7	5	0	42	2	49	3	57	6	45	9	58	1	3	0	97	1	95	7	80	8	1	0	48	5	4	1	36	5	24	7	28	8	28	9	1	9	115	3	1	4	63	0	1	5	62	6	4	0	86	4	68	8	90	9	69	2	5	3	15	4	19	5	22	6	18	8	18	4	3	4	28	5	34	6	30
10	2	4	0	98	2	75	6	68	7	85	1	2	4	103	6	115	3	1	3	52	8	1	3	36	6	4	0	21	4	22	7	25	8	25	9	5	0	77	3	72	4	61	5	69	7	60	7	2	2	19	9	32	4	4	0	33	3	30	4	30	8	25	5	2	3	20	8	18	0	3	3	80	4	94	6	80
10	2	1	8	96	0	1	1	21	4	5	1	50	4	37	5	52	7	52	9	51	3	2	0	71	5	79	9	1	9	87	6	2	3	34	9	53	7	4	1	49	5	71	6	70	7	47	8	5	0	31	1	39	3	32	4	32	8	37	1	1	4	44	5	2	3	9	8	7
10	9	3	2	27	5	27	7	29	4	4	2	106	4	108	5	93	6	79	3	4	1	24	2	21	3	29	9	20	6	3	2	46	5	63	8	52	0	5	0	73	2	71	4	78	6	88	7	82	5	5	1	73	2	91	3	77	6	81	9	98	1	3	3	70	6	89	8	90	8	5	1	33	6	27	7	24	8	26	9	25	7	3	1	40	4	44	6	37	2	3	1	41	7	61	8	50
10	3	4	0	83	3	73	4	93	5	62	2	2	2	35	8	25	1	2	0	112	5	117	5	4	0	29	4	26	6	24	9	25	0	4	0	13	2	14	8	20	9	13	7	2	1	22	2	21	9	5	0	73	1	87	2	101	3	70	5	77	4	1	0	91	6	1	6	25	8	1	8	11
10	6	1	4	68	1	3	3	47	6	66	7	65	5	2	0	13	9	14	3	3	6	46	7	41	9	50	0	4	2	76	4	54	7	59	8	56	8	3	0	77	1	60	5	60	4	3	5	38	8	43	9	54	7	1	7	74	2	1	0	98	9	2	7	76	8	100
10	8	5	0	100	5	114	7	84	8	101	9	94	9	1	8	12	6	5	0	2	1	2	4	3	6	3	8	3	1	4	0	87	5	97	6	103	9	77	2	3	3	4	6	3	7	5	5	3	4	18	6	14	7	18	7	2	4	89	8	87	4	2	2	39	8	38	0	3	2	77	4	93	9	77	3	3	1	13	3	10	6	13
10	5	4	2	22	3	24	4	25	6	16	1	5	1	98	4	76	6	94	7	102	9	69	9	1	9	55	2	1	2	2	3	3	1	17	3	15	6	17	6	4	2	32	5	45	6	29	9	33	7	5	0	83	2	89	3	98	7	81	9	101	0	5	1	13	2	18	4	12	6	18	9	18	8	2	1	33	9	30	4	1	5	89
10	6	3	0	33	6	32	9	33	0	2	5	89	9	69	3	5	1	44	2	49	3	66	4	47	8	41	2	3	4	78	8	67	9	64	4	5	1	57	4	57	5	64	8	72	9	71	1	4	1	31	5	35	6	38	9	30	8	2	6	20	9	19	5	2	1	26	7	40	9	5	1	72	2	68	4	104	8	79	9	71	7	5	0	12	1	12	7	13	8	11	9	18
10	6	2	4	22	8	18	1	3	2	2	7	2	9	1	2	5	3	23	4	19	6	22	7	21	9	27	8	4	5	56	7	44	8	50	9	47	7	4	0	94	1	100	3	82	4	92	9	5	3	9	5	10	6	10	7	10	8	9	4	5	0	89	2	72	5	55	8	78	9	64	5	3	2	30	3	34	5	28	3	1	3	24	0	2	1	0	9	1
10	7	1	5	55	5	1	2	8	2	1	0	31	8	4	0	34	3	28	5	36	7	31	6	1	3	49	3	5	0	87	3	87	4	70	5	68	7	103	0	5	0	7	2	7	4	5	5	6	9	7	9	1	3	4	1	5	0	39	1	47	4	54	6	46	9	46	4	4	1	45	2	48	3	50	4	38
10	4	2	7	42	9	52	1	3	2	92	6	109	8	73	0	2	4	21	5	18	9	4	1	115	3	119	4	118	5	84	7	5	0	103	3	113	5	86	6	116	9	73	3	1	2	30	8	1	9	87	5	5	2	89	3	99	5	111	8	83	9	86	2	5	0	28	2	22	3	24	7	20	8	23	6	1	6	101
10	1	3	1	58	2	45	4	56	6	2	1	78	5	84	3	4	2	69	4	69	5	80	6	56	9	5	0	46	2	54	5	58	8	65	9	56	0	5	0	7	3	11	4	10	6	7	8	11	7	2	2	43	3	37	8	1	1	42	5	5	1	80	3	91	4	82	5	84	9	96	4	2	3	73	5	103	2	5	5	57	6	86	7	95	8	89	9	86
10	0	5	0	5	2	4	4	5	8	5	9	3	1	1	3	54	3	4	1	47	4	36	6	38	8	38	7	1	2	34	5	3	2	24	7	20	9	27	2	2	2	43	3	38	8	2	5	17	8	17	4	3	1	29	3	36	8	40	6	1	9	100	9	3	0	61	2	64	9	85
10	3	1	6	48	1	1	8	86	4	1	2	101	6	5	0	102	1	94	3	107	5	86	7	95	2	1	9	59	8	3	3	11	7	11	9	13	9	4	0	47	3	45	5	49	9	47	7	4	1	68	2	71	4	86	5	81	5	4	2	32	3	41	6	44	8	42	0	3	2	71	3	86	8	117
10	5	3	0	76	6	66	9	75	9	3	0	52	1	55	8	51	0	2	2	48	7	56	7	2	5	102	8	106	1	1	7	3	4	4	0	75	1	113	4	97	6	107	6	5	0	76	2	83	3	102	4	111	8	79	8	4	1	52	2	43	3	42	9	63	3	5	0	47	2	46	4	49	6	54	9	46	2	3	2	37	3	41	5	47
10	5	5	0	80	4	100	6	75	7	98	9	94	3	2	0	65	4	88	1	3	0	48	6	44	7	39	2	4	1	94	3	73	4	78	9	76	7	3	5	70	7	75	9	48	6	4	2	40	4	31	5	37	6	31	0	5	1	10	4	7	5	11	7	12	8	8	4	3	1	1	3	1	8	1	9	5	1	5	2	6	5	7	7	7	8	7	8	2	3	56	5	52
10	7	4	2	66	3	75	4	77	6	75	0	5	0	21	1	20	2	21	7	27	8	17	5	5	1	84	2	110	4	111	8	78	9	106	3	3	0	37	1	35	5	45	6	2	0	30	5	27	4	2	0	20	3	20	2	2	2	90	9	111	1	5	0	23	1	21	2	25	4	21	9	26	9	4	5	35	6	26	8	32	9	40	8	4	2	25	4	22	5	25	6	21
10	5	3	0	38	1	34	8	47	2	5	0	46	1	40	2	36	6	53	8	39	6	3	1	43	2	36	7	43	9	3	0	121	5	90	7	115	0	4	3	53	4	46	6	60	9	45	3	1	3	31	4	4	2	43	3	37	5	49	6	46	1	4	2	10	6	9	7	8	9	8	8	3	4	5	8	5	9	3	7	1	5	76
10	0	4	1	42	5	42	7	35	9	32	8	1	4	37	2	5	1	6	2	7	5	8	7	6	8	8	9	1	8	20	5	4	5	67	6	46	7	75	8	58	4	2	1	75	3	80	7	4	0	40	1	42	3	31	4	40	6	4	1	28	2	22	3	21	8	22	1	5	2	31	4	32	5	45	8	40	9	36	3	1	5	69
10	9	1	0	89	2	4	0	48	1	37	3	34	9	48	3	4	0	23	5	21	7	21	8	24	8	1	7	37	6	5	1	99	3	99	5	97	6	65	8	101	7	2	6	45	7	40	5	2	4	9	7	6	1	5	1	47	2	53	4	45	8	36	9	59	0	3	2	39	5	31	6	36	4	5	1	42	3	45	4	48	6	46	8	52
10	6	1	4	56	5	5	0	3	1	2	2	3	7	3	9	2	2	4	3	74	4	69	5	55	7	55	7	4	0	35	5	33	7	45	8	47	0	5	0	43	1	59	2	59	3	66	6	58	1	3	0	62	5	60	7	71	4	5	0	43	2	40	4	39	6	59	9	46	8	3	5	37	8	44	9	37	9	2	1	26	2	26	3	5	1	33	3	26	4	35	6	42	7	36
10	5	3	1	26	5	20	6	24	1	1	1	53	2	4	0	34	1	38	3	27	7	25	0	5	0	85	4	96	6	87	7	69	9	99	8	5	0	37	5	36	7	30	8	41	9	30	4	3	2	21	5	23	8	21	6	4	2	31	4	28	5	24	8	27	7	2	0	27	1	28	9	1	4	57	3	5	2	100	3	83	4	84	5	89	6	108
10	9	1	0	45	2	2	3	31	6	27	6	3	2	65	3	68	8	90	8	4	3	92	5	65	6	68	8	76	0	3	0	95	8	70	9	59	7	3	3	1	5	0	6	1	3	5	4	16	5	10	7	14	8	16	9	17	5	1	8	81	4	5	3	30	4	23	6	28	8	28	9	23	1	1	6	14
10	6	1	5	78	1	5	1	35	2	48	6	45	7	56	8	36	5	5	0	16	1	15	3	17	4	17	8	20	2	4	1	49	5	76	6	48	7	69	9	5	2	88	3	78	5	98	6	108	7	88	7	1	3	75	4	5	2	67	4	92	5	91	6	60	9	76	0	1	1	7	3	1	4	73	8	1	1	32
10	4	4	0	87	3	90	5	75	8	78	2	5	0	11	2	15	6	11	8	10	9	9	8	1	0	115	3	4	3	50	6	61	7	66	8	57	0	2	5	19	9	18	7	1	8	46	5	5	0	14	2	13	3	11	6	11	8	14	6	5	2	44	6	44	7	40	8	54	9	59	9	2	0	83	5	69	1	4	0	94	2	93	7	75	8	107
10	7	1	4	105	5	5	0	16	1	15	3	14	4	14	8	11	3	3	0	33	5	28	7	45	0	4	0	19	2	13	3	17	6	18	9	2	0	36	8	45	4	2	2	27	6	31	1	3	2	56	4	80	6	62	2	5	0	59	1	59	2	63	4	62	9	57	6	5	1	49	2	52	3	39	4	32	9	34	8	5	0	13	1	16	2	18	5	14	7	12
10	9	4	0	11	1	16	2	14	6	10	4	3	2	22	6	23	8	22	6	1	7	61	0	4	2	4	5	4	7	3	9	3	1	4	0	33	2	29	6	29	8	25	8	5	0	77	3	81	6	85	7	70	9	80	5	3	2	2	4	3	9	2	7	4	0	6	4	6	5	10	9	6	3	3	1	26	3	31	8	26	2	4	0	87	4	103	5	100	8	95
10	7	5	0	55	1	39	3	43	4	36	8	47	5	3	2	51	6	47	9	47	1	5	1	15	5	16	7	12	8	15	9	11	0	5	1	61	4	79	5	59	7	53	9	77	9	3	4	53	7	35	8	51	4	1	3	0	6	5	1	77	4	67	5	88	6	87	9	65	8	3	3	30	5	29	9	39	3	4	2	0	3	1	8	0	9	1	2	5	0	48	2	58	3	69	6	57	9	74
10	4	2	0	71	7	71	1	5	0	1	1	1	6	1	8	0	9	1	0	1	1	77	8	5	1	0	2	0	5	1	7	1	8	1	6	3	0	108	4	109	5	82	2	4	0	72	3	70	4	100	7	96	7	3	3	81	5	66	8	103	5	2	1	31	6	39	3	2	0	14	8	11	9	1	8	37
10	7	5	1	36	2	52	3	44	7	60	8	41	5	2	5	23	6	28	8	1	3	98	6	4	2	99	3	77	7	72	9	71	1	1	5	34	4	5	0	48	5	73	6	52	7	76	8	64	3	3	0	27	1	29	8	29	2	1	6	37	9	2	5	79	6	115	0	5	1	24	4	30	7	23	8	18	9	28
10	9	1	4	18	5	5	0	31	2	44	5	38	6	35	7	32	4	1	3	95	3	3	0	8	1	10	3	7	6	5	2	57	4	73	5	50	6	53	9	46	8	3	2	103	3	79	4	69	2	3	0	76	1	79	6	60	1	4	0	24	1	34	3	34	7	23	7	3	2	30	3	40	7	31	0	1	3	24
10	5	5	0	30	3	28	5	27	8	25	9	26	4	5	2	48	3	33	4	32	5	36	7	43	3	3	3	61	4	49	6	42	1	4	5	79	6	107	7	100	8	96	7	5	1	52	3	52	6	75	7	66	8	74	2	5	0	71	1	74	3	67	4	81	9	54	8	3	2	48	6	33	8	39	6	3	5	67	7	93	9	65	9	5	0	81	4	71	5	58	6	70	8	68	0	5	0	94	1	71	2	89	4	88	5	92
10	3	3	5	104	6	100	9	68	7	2	2	45	5	56	0	2	6	26	9	36	4	1	1	71	1	2	0	63	7	93	9	1	3	60	2	5	1	21	2	26	4	19	5	28	7	21	8	1	5	45	5	5	4	80	5	78	6	61	8	80	9	80	6	3	1	95	3	90	5	72
10	9	4	2	17	6	26	7	27	8	20	6	1	3	77	0	5	1	52	2	40	3	48	6	35	7	37	1	4	2	91	3	101	4	64	8	98	8	1	3	57	4	1	3	42	2	5	1	1	2	2	4	2	6	2	9	1	5	2	2	64	7	86	3	1	1	30	7	3	3	67	4	83	9	68
10	9	2	1	72	8	95	8	1	7	24	4	4	0	14	3	15	5	20	6	14	7	3	0	15	2	14	5	9	1	5	1	22	2	28	4	31	6	25	9	20	2	4	1	6	2	6	4	11	8	9	6	3	0	5	1	7	2	7	5	4	3	28	6	25	8	28	9	32	0	5	2	84	3	93	6	88	7	61	8	67	3	5	0	54	1	53	6	49	7	56	9	45
10	1	4	0	63	2	77	3	78	9	58	7	1	8	14	6	5	1	44	2	50	5	36	6	35	7	45	2	1	1	21	9	3	4	40	6	38	9	37	5	1	0	107	0	3	1	11	5	18	9	12	8	2	3	26	8	18	3	1	7	27	4	2	3	67	5	50
10	7	4	0	92	2	76	3	80	4	100	0	1	2	51	3	5	0	47	3	75	4	71	7	65	9	63	2	2	0	7	1	5	9	3	5	2	7	1	9	2	8	2	1	95	7	91	5	4	0	64	6	75	7	79	8	73	4	1	5	63	1	2	2	78	6	81	6	1	9	69
10	3	5	2	26	3	23	5	26	6	26	9	29	7	2	0	45	9	74	6	4	1	40	3	42	4	35	8	32	2	5	0	84	3	89	4	88	5	67	9	66	1	2	1	90	3	72	8	5	3	59	4	58	5	45	6	55	7	62	9	4	1	29	2	29	7	30	8	35	5	2	3	67	5	51	4	2	4	57	5	51	0	3	2	14	4	13	5	12
10	1	2	0	22	7	18	6	2	1	22	5	32	0	1	6	8	3	3	1	94	2	99	4	79	8	2	0	80	5	62	4	1	9	96	2	1	0	5	5	4	0	25	2	24	5	25	6	18	9	5	0	77	2	58	6	61	8	80	9	69	7	2	3	38	9	27
10	0	3	1	81	2	81	9	64	8	4	2	12	6	9	8	12	9	14	1	1	3	9	5	3	0	42	2	45	7	52	2	4	1	15	3	15	6	17	7	10	9	1	2	58	4	5	1	75	3	79	4	80	6	76	7	71	3	1	7	41	7	2	0	58	8	56	6	3	1	75	5	47	8	74
10	3	4	2	100	6	92	8	83	9	120	1	5	0	30	1	26	2	29	6	31	8	22	0	2	1	58	7	57	4	3	0	71	8	71	9	78	9	4	1	19	4	17	6	12	9	13	2	4	2	75	6	93	7	86	9	57	5	1	2	52	7	3	3	18	7	19	9	19	6	4	1	45	2	68	6	56	7	60	8	4	2	36	5	50	7	50	9	38
10	9	4	0	6	2	6	3	3	4	3	4	5	0	25	2	17	4	19	7	22	9	22	2	4	0	3	3	3	5	2	9	3	8	1	3	66	5	1	4	0	7	3	0	28	2	17	3	25	0	4	2	0	6	0	8	0	9	1	3	2	3	52	7	60	1	3	3	81	6	85	7	79	6	4	0	22	3	21	6	18	7	14
10	6	4	1	106	2	69	3	111	6	92	8	1	4	71	1	1	0	92	5	2	6	2	9	1	7	1	2	63	4	4	3	44	4	33	5	30	9	30	0	2	3	28	8	37	2	5	0	26	2	26	5	20	6	22	8	21	9	4	1	100	2	98	4	73	6	89	3	2	5	23	9	23
10	8	5	2	65	3	71	6	99	8	88	9	107	5	5	1	58	3	59	5	53	7	43	9	68	7	1	5	37	1	3	4	5	5	4	9	6	6	1	3	23	3	1	1	51	9	1	0	63	4	3	0	17	1	22	3	19	2	1	6	64	0	5	0	5	1	7	4	4	6	4	8	7
10	4	5	2	5	5	4	7	6	8	4	9	5	1	1	7	91	0	4	0	38	2	37	5	44	8	54	2	5	0	65	1	57	3	50	5	58	9	45	9	3	1	62	4	76	7	83	7	1	1	94	5	5	1	21	3	16	4	17	8	21	9	19	8	2	1	89	3	79	6	1	4	55	3	2	1	70	4	63
