10	10	10
10	0	1	5	77	1	5	1	60	2	78	5	54	6	55	9	52	2	1	4	45	3	3	2	38	4	37	6	24	4	5	0	52	1	53	7	64	8	49	9	41	5	4	2	97	4	98	5	85	8	100	6	2	0	8	7	10	7	2	3	44	7	62	8	5	0	5	3	7	4	7	5	4	9	6	9	1	6	101
10	0	4	2	73	3	76	6	63	8	48	3	2	1	32	9	25	4	3	4	96	7	99	9	110	2	4	1	89	3	95	5	73	6	83	1	3	2	59	3	58	5	58	5	3	1	93	6	96	8	65	8	5	0	76	3	74	5	76	8	72	9	82	6	1	1	61	7	1	2	28	9	5	0	96	1	107	4	84	5	79	8	69
10	0	4	0	78	4	77	6	68	9	106	3	1	2	24	1	4	2	30	7	40	8	42	9	31	2	4	1	43	3	27	7	38	9	39	5	2	3	18	7	19	4	2	2	44	3	58	6	2	3	99	8	76	7	2	3	59	5	59	9	3	5	61	6	73	9	56	8	4	0	32	4	28	7	24	8	22
10	0	2	5	8	9	10	1	5	1	69	2	68	4	79	5	77	6	65	4	1	5	31	3	1	9	85	6	5	2	64	3	71	5	92	6	62	7	82	5	1	0	8	2	2	1	31	4	37	9	5	2	19	3	18	4	18	7	18	9	18	7	5	0	51	1	71	3	55	7	51	8	49	8	2	4	78	6	75
10	1	5	1	52	4	48	5	57	8	56	9	57	0	1	6	111	5	1	2	36	3	4	4	47	5	56	6	56	8	49	4	1	8	53	7	3	0	55	7	51	8	60	2	3	0	5	2	6	5	5	8	2	2	28	4	31	9	4	0	41	1	49	3	36	9	49	6	2	7	33	8	30
10	0	1	5	39	6	4	1	27	2	25	5	36	7	29	2	3	6	8	7	8	9	7	3	3	4	13	6	15	7	14	1	2	1	84	6	84	8	2	1	83	3	97	4	2	6	30	9	22	9	4	0	85	2	71	4	77	6	82	7	1	5	43	5	2	5	6	8	6
10	2	5	0	23	2	26	3	34	6	21	8	24	3	4	1	120	4	89	5	102	6	73	0	4	2	109	5	97	6	116	8	76	1	2	6	13	7	11	4	5	1	35	3	29	4	38	6	39	9	28	7	3	5	12	7	11	8	12	5	2	2	5	8	5	6	1	6	82	8	1	5	59	9	2	1	86	5	57
10	2	5	1	102	2	83	7	101	8	107	9	89	0	1	0	15	3	1	1	66	4	3	0	63	3	38	8	51	1	5	1	85	2	73	3	80	7	74	8	69	5	1	8	53	9	1	1	68	6	3	1	52	2	70	7	66	7	1	3	92	8	4	5	79	6	76	7	72	9	106
10	2	4	0	97	5	114	8	108	9	118	1	4	1	91	5	75	6	96	8	112	4	3	0	76	2	115	5	92	0	3	3	42	8	30	9	46	7	1	3	10	5	2	2	118	3	89	3	4	0	34	2	45	6	34	9	43	9	3	2	52	7	70	8	64	6	5	3	39	4	27	6	38	7	28	8	29	8	1	3	51
10	2	1	9	55	0	5	1	69	2	72	6	59	7	60	9	50	8	2	7	23	9	24	3	1	3	3	6	3	2	92	5	82	9	79	1	2	2	88	4	85	4	2	2	38	5	29	7	2	2	108	8	90	9	1	6	51	5	1	0	40
