20	15	15
15	1	2	0	17	1	17	6	3	5	59	6	68	7	48	2	4	1	19	11	26	13	16	14	19	4	1	8	30	5	3	2	45	3	66	12	50	3	5	0	11	3	9	4	7	6	6	13	10	0	2	6	70	13	56	10	3	2	56	12	70	13	78	8	2	7	104	11	96	12	5	0	49	7	34	8	51	9	38	12	38	7	2	3	35	11	45	13	3	5	23	10	31	11	25	14	5	4	18	5	15	10	17	11	21	12	22	9	4	3	38	8	43	9	36	11	34	11	5	0	78	3	106	4	104	7	102	10	70
15	2	4	0	108	1	88	5	76	8	105	1	4	2	90	3	108	5	72	7	112	0	1	2	107	3	2	12	16	13	13	6	4	1	60	3	55	4	61	10	50	4	5	1	39	6	37	10	49	11	48	13	38	5	1	9	53	7	2	5	80	10	109	13	3	2	28	8	44	10	38	14	4	4	77	6	87	9	69	10	69	9	3	0	0	3	0	4	0	11	4	2	93	4	118	9	97	10	103	12	4	4	106	5	110	6	78	7	105	10	4	0	68	9	72	12	60	13	78	8	3	2	11	3	10	12	12
15	1	4	0	26	1	30	4	28	8	27	6	2	2	103	4	104	3	2	0	36	1	38	4	5	2	83	4	71	9	85	13	90	14	92	5	1	2	8	0	5	0	71	5	45	7	61	9	69	14	63	2	3	2	31	3	41	14	39	12	5	0	61	4	60	6	57	7	44	14	57	14	5	5	22	6	35	8	21	9	34	10	31	10	1	10	9	11	1	4	24	13	4	5	54	6	45	7	56	11	67	9	1	13	68	7	2	3	11	9	6	8	5	0	43	2	37	4	38	9	34	10	38
15	3	2	5	27	8	46	2	3	1	29	7	40	10	41	5	5	3	72	6	54	9	75	10	61	13	61	0	3	5	27	13	29	14	25	6	2	2	71	8	78	1	3	4	116	8	90	12	79	4	2	7	65	8	62	14	4	4	23	9	22	10	14	11	22	12	1	9	55	8	3	0	22	11	21	14	19	11	4	1	88	9	68	12	53	14	72	13	1	0	42	10	4	1	59	3	47	9	67	12	49	9	4	5	7	10	6	11	6	14	5	7	4	1	32	2	33	3	26	5	39
15	3	2	1	70	2	68	0	2	1	55	14	65	1	2	1	18	4	22	5	2	12	90	13	69	2	4	4	19	6	19	10	24	11	18	6	4	4	96	10	83	11	97	13	81	4	5	1	89	6	96	7	102	10	80	14	92	11	4	4	9	5	10	7	6	12	10	14	2	0	45	10	62	10	2	5	110	11	94	9	3	2	51	8	43	10	49	12	5	2	56	3	67	4	70	11	56	14	55	8	2	0	12	7	14	13	2	0	3	13	4	7	2	5	46	14	61
15	4	1	7	9	2	3	4	85	8	66	12	91	1	2	3	11	5	13	3	5	1	97	5	82	8	74	11	86	12	62	0	5	0	87	1	80	8	95	12	58	13	76	5	4	0	7	1	11	7	8	13	7	6	1	2	53	9	1	5	46	11	3	2	20	7	21	10	17	7	3	2	68	3	104	8	104	12	3	6	91	12	58	13	57	14	4	1	9	11	13	12	9	13	12	13	5	0	67	2	46	4	47	7	65	8	41	10	5	1	108	8	83	12	83	13	70	14	111	8	3	1	45	5	41	11	62
15	6	3	0	79	6	82	13	119	2	1	14	58	3	1	4	46	1	2	0	30	7	39	5	2	0	21	10	30	4	1	0	71	0	5	2	67	3	90	6	72	8	107	9	105	8	3	1	12	11	16	12	15	12	1	13	107	10	5	0	91	2	112	3	107	9	86	14	91	14	2	5	84	10	56	7	1	7	65	11	4	4	75	5	64	7	51	14	55	9	1	5	38	13	1	0	108
15	4	1	8	57	5	2	4	62	6	52	6	1	10	5	2	5	7	60	9	57	10	88	13	90	14	70	0	3	0	69	3	59	14	76	3	4	0	24	4	37	9	34	10	37	1	2	0	84	6	98	10	4	1	13	3	21	7	14	12	21	9	1	1	58	7	4	0	59	3	73	10	74	11	81	13	3	0	85	4	100	7	69	8	4	6	106	7	81	8	85	13	81	14	5	2	64	4	54	9	65	10	49	12	59	12	2	9	86	10	83	11	2	6	22	14	30
15	6	5	5	0	6	0	7	0	10	1	11	1	1	1	0	11	0	3	7	58	10	71	11	71	3	4	4	67	6	60	10	51	11	68	4	4	1	106	8	115	11	87	13	86	5	4	0	57	3	46	6	49	9	59	2	2	3	102	4	83	14	5	3	62	4	45	6	47	9	51	13	49	7	2	3	48	8	42	8	4	2	6	3	8	10	9	11	7	13	2	3	86	8	62	10	4	1	40	3	46	7	60	14	44	9	1	10	19	12	1	11	62	11	2	0	105	3	110
15	6	4	2	81	4	78	10	69	14	71	2	4	2	42	7	52	8	54	10	54	4	4	4	50	10	38	11	50	12	35	1	1	7	105	0	1	1	39	5	3	5	32	12	29	14	31	3	2	4	96	14	94	10	4	0	59	1	44	7	66	11	67	8	2	1	80	3	97	11	3	0	9	6	9	7	10	7	2	8	79	14	96	12	1	9	85	14	5	8	87	9	80	10	71	11	94	14	82	9	3	3	10	5	8	6	11	13	3	2	61	6	66	7	68
15	0	4	2	18	3	16	7	15	14	15	2	1	10	17	3	2	11	104	12	71	6	5	0	48	1	39	8	42	9	39	10	50	5	1	13	40	4	1	10	35	1	4	0	103	6	82	7	120	9	99	8	2	5	15	8	12	11	5	0	94	1	72	8	106	12	83	13	96	13	3	8	33	10	23	14	33	14	5	3	2	4	3	9	3	12	3	13	3	10	4	1	78	3	81	9	68	10	75	7	2	1	53	11	63	9	3	8	87	9	101	14	95	12	3	5	32	10	31	12	27
15	6	2	0	7	1	7	0	2	13	82	14	66	4	1	13	33	1	1	7	75	3	1	2	52	5	2	0	56	6	61	2	2	5	98	7	105	9	4	5	65	9	55	12	70	14	67	14	4	1	50	5	43	11	42	12	43	8	5	0	94	2	99	5	99	9	76	11	107	7	5	1	70	2	63	4	76	8	68	11	67	12	3	3	65	4	77	5	65	10	5	2	82	8	62	9	97	12	62	13	63	13	4	0	53	5	61	8	46	13	46	11	5	0	72	6	90	9	79	13	96	14	97
15	3	5	0	91	2	95	3	75	5	90	12	79	1	2	1	36	4	38	2	3	5	50	6	38	8	38	0	5	4	2	10	1	11	2	13	1	14	1	6	5	0	30	4	35	6	26	11	35	14	30	5	4	4	58	5	72	8	77	13	52	4	3	8	4	12	3	14	4	14	5	2	45	4	55	7	43	8	57	13	54	8	1	13	78	10	3	2	6	3	4	11	3	13	3	6	10	7	10	14	13	9	3	0	43	3	40	8	30	12	1	11	22	7	1	11	69	11	5	1	55	3	71	4	58	8	60	9	66
15	0	1	10	23	6	1	13	26	1	1	14	45	3	5	2	7	8	5	11	5	13	7	14	7	5	5	0	19	8	19	11	14	12	21	13	20	4	5	2	27	3	31	6	30	8	20	10	25	2	1	4	62	12	5	0	25	3	18	5	22	6	21	10	19	10	2	5	103	11	108	13	3	2	66	4	57	13	65	14	1	9	13	7	1	8	79	9	5	4	4	8	5	11	5	13	6	14	5	11	1	1	51	8	2	4	47	8	40
15	6	2	7	53	9	37	4	2	2	97	10	75	1	5	0	84	1	69	3	71	7	91	10	89	2	4	2	64	3	43	4	72	10	69	0	3	2	74	3	85	7	69	3	2	0	47	10	56	5	2	6	10	11	13	13	1	2	0	9	2	0	15	4	19	7	5	5	66	8	62	11	56	12	65	13	67	12	4	9	35	10	30	11	30	13	43	8	4	2	111	5	118	12	76	13	86	14	2	10	35	13	23	11	4	0	65	6	53	8	57	14	62	10	4	0	45	3	44	4	38	9	42
15	5	1	11	72	4	3	1	49	13	55	14	36	1	5	1	61	3	60	4	58	5	45	8	47	6	1	7	35	2	5	1	7	3	6	4	8	10	7	14	5	0	3	7	51	8	35	10	35	3	3	6	45	10	37	12	36	13	3	6	81	9	64	14	78	10	3	5	49	9	38	13	32	12	2	9	30	11	39	9	3	1	7	9	5	10	7	11	4	0	91	5	80	9	86	14	86	7	3	8	67	10	53	11	64	8	2	5	56	6	35	14	1	5	87
15	4	5	3	28	7	25	10	21	12	29	14	28	1	5	4	34	6	33	9	25	12	25	13	29	3	5	1	73	2	95	7	92	9	121	11	105	6	2	0	17	8	21	0	3	2	8	7	7	12	7	2	1	9	50	5	3	6	10	10	9	13	9	7	2	6	77	9	52	10	3	3	92	4	104	5	76	8	2	3	33	14	30	12	3	3	20	13	25	14	18	13	2	2	31	8	33	11	2	10	54	13	39	9	4	0	16	2	14	7	11	8	17	14	5	0	31	2	28	4	36	6	30	10	33
15	2	2	1	36	9	36	4	1	6	121	3	3	9	12	13	14	14	14	0	5	0	118	1	90	2	106	6	103	9	118	1	4	0	43	2	51	6	52	10	42	5	4	3	67	9	74	11	66	13	50	6	3	3	95	7	102	9	92	10	2	6	81	11	73	13	3	4	10	7	16	11	12	12	3	3	16	13	14	14	14	7	1	2	17	8	3	3	29	6	31	9	30	11	2	0	8	2	8	14	1	0	67	9	3	1	7	6	7	11	4
15	0	3	0	6	6	6	9	6	6	5	3	51	4	69	8	53	9	73	10	54	3	4	0	32	1	37	3	35	13	24	5	2	3	90	13	89	1	3	2	25	8	25	9	24	2	4	4	89	9	82	11	74	14	62	4	2	3	22	10	34	8	1	8	74	14	2	6	71	11	83	11	5	0	20	4	19	6	16	9	19	10	21	10	5	0	43	1	66	7	58	11	63	13	54	13	1	8	9	12	4	0	77	1	63	13	68	14	56	7	4	2	75	9	69	10	103	13	111	9	5	1	23	5	23	7	28	12	18	14	26
15	3	4	3	77	4	78	12	48	14	68	0	3	4	70	7	82	11	79	2	4	4	2	6	1	9	1	11	1	1	1	1	36	6	3	0	79	11	66	13	70	5	3	2	61	3	84	14	84	4	3	2	0	3	0	5	1	7	1	9	31	9	3	1	32	7	34	10	28	12	1	14	21	13	2	4	57	5	54	11	3	1	89	3	64	4	63	8	2	0	74	1	89	14	1	4	44	10	3	4	50	9	54	12	62
