15	5	5
5	3	1	4	75	2	2	2	87	3	101	0	2	0	15	4	10	4	2	1	88	4	71	1	2	2	7	3	7
5	2	1	4	23	1	2	2	16	4	14	0	1	3	71	3	2	3	8	4	12	4	1	4	56
5	1	2	0	15	3	10	3	2	1	10	3	10	0	2	3	57	4	81	4	2	0	18	4	18	2	2	3	15	4	25
5	2	1	3	112	4	2	1	76	2	76	0	1	2	7	1	2	0	80	1	86	3	1	3	6
5	2	2	0	38	4	35	4	2	0	98	4	86	3	2	2	7	4	6	1	2	1	38	2	38	0	2	0	15	4	18
5	4	1	4	99	3	1	0	84	2	2	0	20	4	23	1	1	4	53	0	2	0	71	3	62
5	4	1	4	10	3	1	0	24	0	2	0	64	4	50	1	1	1	98	2	1	1	61
5	3	2	2	64	3	56	2	1	4	59	0	2	0	59	2	66	1	2	0	90	2	81	4	1	3	113
5	3	2	2	83	3	106	0	1	4	52	4	2	0	6	2	8	2	1	2	57	1	1	0	39
5	4	2	0	5	1	3	2	1	3	49	3	1	3	56	0	2	2	110	3	81	1	2	0	15	1	13
5	0	2	1	43	2	51	1	1	2	44	4	1	1	69	3	1	1	48	2	1	1	21
5	0	2	2	32	4	30	4	1	1	70	2	1	1	79	3	1	1	70	1	2	2	71	4	55
5	0	1	2	53	3	2	1	84	2	91	4	1	1	45	2	1	2	23	1	1	3	5
5	3	2	0	25	2	23	1	1	1	60	0	1	3	21	4	2	3	37	4	29	2	2	3	16	4	14
5	2	2	2	101	4	116	0	2	1	82	4	57	3	1	4	66	1	1	1	9	4	2	3	106	4	70
