50	10	10
10	1	2	7	54	9	52	3	1	5	37	5	2	2	60	5	56	8	2	2	32	9	21	0	4	5	47	7	40	8	47	9	37	2	4	0	11	2	11	3	10	4	15	7	3	5	47	6	55	7	63	4	2	5	62	7	69	6	2	2	85	5	80	9	1	2	27
10	2	1	8	83	6	3	0	81	2	93	8	74	8	4	2	117	3	87	7	92	8	106	0	2	0	42	8	46	3	3	1	12	5	7	9	12	1	1	9	92	5	4	2	110	5	116	6	86	7	104	7	3	3	46	5	30	6	34	9	4	3	93	5	98	6	64	8	90	4	3	0	2	1	2	5	1
10	6	3	0	34	2	33	8	32	3	5	0	87	2	81	3	99	5	75	7	83	8	4	1	27	5	36	6	35	8	27	2	5	0	44	1	30	6	33	7	46	9	41	0	2	2	22	4	17	1	1	5	68	7	5	3	16	5	13	6	15	7	16	9	12	4	3	0	14	4	18	6	12	5	1	4	50	9	2	2	65	4	56
10	0	2	2	33	4	35	6	1	9	98	2	4	2	65	3	44	4	59	9	73	7	2	5	81	9	67	1	2	4	96	7	84	9	3	3	51	4	48	5	55	4	4	0	41	2	35	7	37	8	37	8	3	2	52	4	34	5	44	5	5	0	35	1	31	3	24	4	31	7	38	3	2	0	39	5	38
10	2	4	1	40	3	51	6	35	8	40	3	5	1	35	3	27	4	44	6	30	9	37	8	4	0	11	1	13	2	9	3	10	6	3	0	109	3	92	7	96	7	4	0	95	3	87	4	119	8	118	1	5	0	10	1	10	3	8	5	7	6	7	0	2	1	72	6	65	5	5	0	6	1	4	7	5	8	5	9	6	4	3	1	9	2	10	6	15	9	1	9	2
10	9	2	3	43	6	58	7	2	7	58	9	76	0	1	6	5	3	1	5	9	5	3	2	12	6	11	7	11	1	3	4	4	6	4	9	5	2	3	1	45	6	28	8	28	6	4	2	31	6	36	7	32	9	35	4	1	6	49	8	2	0	22	8	31
10	9	4	0	53	3	53	4	45	5	45	4	5	0	24	2	41	4	40	5	36	8	36	6	3	3	62	5	61	7	70	2	5	0	10	3	8	4	13	5	10	6	12	3	3	0	46	3	31	9	34	8	1	0	62	5	5	1	83	3	114	6	77	7	76	8	85	7	4	0	76	2	99	6	110	9	105	1	3	2	97	7	106	8	73	0	2	1	115	6	88
10	6	3	0	33	7	43	9	43	3	3	3	78	7	63	8	70	0	2	0	110	2	95	9	2	5	99	6	110	8	5	0	15	2	14	7	23	8	23	9	15	4	3	0	30	5	29	7	30	7	4	0	52	1	40	5	45	9	48	1	1	6	61	2	3	4	46	5	70	9	55	5	3	2	57	7	50	9	46
10	4	2	5	57	7	61	2	2	5	80	6	95	0	1	3	22	5	1	1	84	8	2	2	63	9	69	1	1	3	34	7	1	1	3	6	4	4	59	6	46	7	54	9	52	9	1	6	18	3	4	0	11	2	13	4	17	8	11
10	2	3	1	91	4	115	5	76	5	4	0	42	3	48	7	44	8	57	1	1	6	83	6	1	0	54	7	4	4	51	5	62	6	75	8	47	3	4	2	63	4	83	5	67	9	62	8	2	0	39	9	48	0	1	8	50	4	2	5	35	8	36	9	4	1	70	2	62	8	74	9	73
10	7	1	5	58	8	1	7	71	0	4	0	18	2	13	4	17	7	19	3	1	7	106	9	4	2	35	4	49	6	42	9	37	5	1	5	39	1	2	5	27	9	20	2	4	0	9	1	6	6	8	7	9	6	3	0	78	7	111	9	107	4	4	2	110	3	87	4	82	8	87
10	0	4	4	17	5	12	6	13	8	13	7	1	9	6	4	1	1	52	6	3	1	67	4	102	9	79	5	3	1	90	6	95	9	88	8	5	2	60	3	55	4	56	6	42	8	58	3	4	1	95	2	110	4	92	7	70	2	1	1	43	1	4	1	34	3	28	8	30	9	34	9	1	7	42
10	2	1	2	80	8	1	1	70	5	2	3	16	6	21	4	3	0	17	3	18	5	13	1	2	2	76	8	66	3	5	0	87	1	57	3	62	7	55	8	88	6	2	1	70	7	87	9	2	2	51	9	54	0	2	1	25	9	27	7	3	0	61	2	59	5	75
10	4	2	3	105	5	64	5	3	1	23	2	16	3	23	9	4	0	49	5	48	8	56	9	56	0	2	2	63	9	61	8	4	5	107	7	116	8	106	9	81	2	3	2	66	4	72	7	62	7	1	5	38	3	5	0	91	4	64	5	66	8	80	9	64	1	1	2	85	6	3	2	50	5	50	6	38
10	5	4	0	4	4	5	5	6	8	4	6	4	4	60	6	43	7	65	9	50	7	1	8	98	1	5	2	56	3	59	4	47	6	45	9	53	9	3	5	88	6	57	9	68	0	4	0	111	4	83	7	98	8	91	4	5	1	45	4	29	5	44	8	43	9	48	3	3	2	28	7	28	8	18	2	2	0	91	7	98	8	2	2	14	6	19
10	2	3	3	34	7	40	8	36	5	1	4	62	6	5	1	85	3	82	4	82	6	72	9	107	1	5	0	53	2	51	5	43	6	58	7	52	3	4	0	51	3	64	7	45	9	45	0	1	1	56	8	3	0	2	6	2	8	1	4	3	0	2	3	3	4	3	9	1	0	39	7	2	4	41	9	47
10	0	1	9	76	7	1	2	12	4	4	1	113	6	98	7	121	8	94	3	3	4	19	5	20	6	30	8	5	0	24	5	31	6	19	7	30	9	20	9	3	4	45	5	34	9	43	6	1	9	13	2	2	0	114	9	113	1	3	2	113	4	81	5	123	5	2	0	66	1	76
10	2	2	6	50	9	61	1	4	3	72	6	118	7	103	8	94	4	3	2	65	3	88	5	71	9	2	3	25	7	27	0	5	1	51	3	76	5	57	6	80	7	67	8	4	0	82	1	102	6	93	7	89	5	2	5	42	7	32	7	5	0	58	1	69	2	68	6	80	9	61	3	2	2	42	5	41	6	4	0	24	3	27	6	28	9	31
10	6	3	1	32	4	34	6	24	7	5	0	21	1	20	2	17	7	19	8	22	8	4	2	51	4	48	5	54	8	65	4	5	2	16	4	14	6	12	8	14	9	12	2	4	1	71	3	66	6	64	7	65	5	4	1	58	2	45	5	40	8	46	0	5	2	66	4	74	7	64	8	73	9	86	9	3	0	47	8	60	9	58	1	2	4	79	7	112	3	1	5	79
10	1	5	1	11	2	13	3	10	6	9	8	9	0	1	6	22	9	4	3	52	6	42	8	37	9	51	4	4	3	88	5	78	7	100	9	101	7	4	2	1	4	1	5	2	8	1	2	5	0	38	3	35	5	33	7	37	8	40	3	1	5	91	6	3	1	13	4	11	8	10	5	5	1	30	5	46	6	41	7	36	9	47	8	4	1	62	4	49	7	57	9	53
10	4	5	1	13	2	12	4	11	6	8	8	9	8	4	0	104	1	76	3	95	8	89	9	3	0	2	1	1	4	2	7	5	1	12	2	12	4	11	7	8	9	8	3	4	0	87	1	97	7	68	9	104	5	4	2	92	4	72	8	71	9	73	6	3	0	47	6	68	8	53	0	5	1	22	3	15	4	16	6	26	9	19	2	1	5	78	1	5	1	10	2	6	3	9	5	6	6	6
10	9	4	3	12	5	12	6	12	7	9	7	3	1	53	6	55	8	69	1	2	3	17	5	12	2	1	1	76	3	5	2	5	3	4	5	4	7	3	9	3	8	4	1	4	4	4	6	5	8	4	5	5	0	11	1	9	3	13	8	10	9	9	4	4	0	38	1	53	6	52	8	42	6	5	0	83	1	68	7	81	8	70	9	79	0	4	1	47	3	50	4	36	5	37
10	9	3	1	62	3	51	7	53	7	2	5	7	7	8	8	2	1	16	2	17	2	3	5	3	8	4	9	5	5	1	0	38	6	1	3	2	4	2	2	25	6	22	1	2	0	31	1	35	0	2	1	50	9	57	3	5	0	55	2	62	3	49	4	46	8	58
10	9	5	0	32	1	33	6	24	7	35	8	33	2	1	1	44	1	2	0	9	7	13	6	2	2	35	9	23	5	5	3	118	4	102	5	93	8	114	9	82	3	5	0	9	2	6	4	6	6	9	9	7	7	4	1	47	2	35	8	43	9	36	4	4	2	115	6	71	7	115	8	107	8	3	2	44	5	47	7	40	0	2	4	114	9	102
10	4	4	0	0	4	1	5	1	9	0	6	2	1	97	3	96	8	3	0	50	2	55	4	45	3	5	0	90	1	75	3	69	4	82	8	68	1	2	1	17	5	23	7	3	0	76	4	123	6	119	0	5	2	60	5	53	7	66	8	49	9	72	2	1	5	10	5	5	0	28	2	31	4	39	8	25	9	30	9	5	1	66	3	78	5	74	8	77	9	66
10	3	3	2	28	5	23	9	31	5	1	6	83	9	5	4	28	5	33	7	36	8	28	9	31	7	1	7	74	1	4	1	10	2	11	3	10	6	11	6	3	3	17	4	20	9	18	8	5	2	47	4	46	5	58	6	55	7	36	4	5	0	51	2	63	4	46	8	40	9	49	0	2	5	37	7	33	2	4	0	40	3	39	7	30	9	40
10	9	2	5	68	6	89	3	5	0	7	3	10	4	10	5	10	8	8	1	4	0	99	1	64	2	78	4	72	0	1	2	72	5	3	0	111	1	76	8	88	4	1	3	15	8	1	4	10	7	2	4	8	7	10	6	4	0	20	2	15	3	18	8	17	2	1	1	4
10	0	4	1	20	2	16	4	17	6	20	5	2	2	15	6	10	8	1	8	93	4	4	0	26	4	18	7	20	9	18	3	3	1	37	3	31	5	32	1	4	0	91	5	67	8	84	9	85	2	3	0	17	2	25	9	20	7	5	0	25	4	35	5	25	6	21	9	32	9	3	3	93	4	77	7	113	6	1	9	33
10	1	1	2	74	0	2	2	70	6	60	2	3	0	61	3	55	6	67	3	4	0	25	4	38	7	29	9	24	7	1	4	46	5	4	2	110	4	73	5	81	9	97	6	5	1	1	2	1	3	0	5	1	8	0	9	1	1	16	8	3	4	78	5	74	9	64	4	4	0	49	1	52	4	37	5	49
10	2	4	0	11	1	14	6	15	8	15	6	1	8	108	0	3	1	83	5	65	8	78	1	3	3	86	5	75	8	73	8	3	1	72	2	87	4	86	5	3	1	9	4	11	6	11	4	5	0	93	3	99	6	123	8	121	9	76	7	5	0	9	1	9	2	7	6	10	8	7	3	1	9	24	9	1	8	8
10	5	2	1	49	9	58	9	5	0	93	2	108	3	111	5	102	8	81	0	4	0	71	2	82	3	109	8	78	1	2	2	45	4	46	8	1	3	38	4	2	2	56	6	62	7	2	1	32	7	35	3	3	3	58	6	53	8	58	6	1	9	116	2	3	0	21	7	16	9	27
10	2	1	7	69	7	2	0	29	6	24	4	2	6	87	9	90	0	4	0	26	4	28	5	19	7	28	3	3	2	73	6	86	9	88	8	3	2	63	5	62	8	49	1	1	6	87	9	4	0	86	3	70	5	57	7	63	5	4	0	42	1	58	3	53	4	42	6	2	2	11	5	9
10	6	1	5	71	2	2	7	8	9	8	9	2	7	36	8	40	0	3	0	10	3	8	7	13	1	2	1	63	4	57	3	3	3	41	6	37	8	32	8	2	5	90	7	83	4	5	1	79	2	83	3	79	5	95	8	75	7	1	3	55	5	4	1	81	5	73	7	72	9	60
10	9	2	2	91	4	94	4	1	6	2	3	3	4	79	7	85	9	113	7	2	8	78	9	80	6	5	1	68	4	59	5	50	8	55	9	54	8	4	2	39	7	42	8	32	9	29	5	1	0	86	0	5	0	57	2	40	3	52	5	40	8	58	2	5	3	32	4	30	5	40	7	35	8	35	1	4	1	100	2	99	3	107	6	108
10	4	5	2	65	3	76	5	57	7	57	8	58	0	5	1	19	4	14	7	17	8	15	9	17	9	2	0	32	4	20	7	4	3	56	5	48	7	49	9	53	5	4	2	62	6	84	7	85	9	99	1	3	2	47	3	32	7	45	2	4	1	52	2	59	4	73	8	55	6	2	2	57	8	55	3	3	1	108	2	99	8	99	8	4	1	45	3	70	4	62	7	65
10	9	2	4	7	7	6	3	2	7	25	9	18	8	1	2	42	0	2	0	92	2	102	2	3	5	58	7	64	8	82	5	4	0	70	2	45	3	52	4	53	7	4	1	75	4	72	5	99	8	115	6	2	2	65	4	81	4	1	2	61	1	3	1	25	4	21	5	19
10	6	4	1	84	3	95	8	101	9	96	5	2	3	21	9	28	8	3	2	72	7	87	9	60	2	3	0	38	7	35	8	31	9	5	0	5	1	4	3	4	4	5	5	5	7	1	7	91	3	1	6	55	1	1	5	23	0	3	2	73	7	66	9	92	4	2	7	82	9	86
10	0	2	5	44	6	53	1	3	3	55	7	38	8	57	4	3	1	16	5	17	6	23	7	2	5	83	9	75	2	1	1	71	9	1	6	66	3	1	0	15	6	1	9	51	5	5	1	76	3	94	4	70	8	89	9	85	8	5	0	57	1	74	2	70	3	78	6	69
10	7	5	0	97	1	66	2	70	3	61	6	82	8	2	7	49	8	43	6	4	4	59	5	76	8	87	9	76	1	3	1	45	4	33	5	27	0	3	0	31	2	24	6	27	9	4	1	86	2	85	3	112	7	69	5	3	3	58	4	61	5	56	4	3	5	66	7	91	9	99	2	5	1	51	5	47	6	45	7	46	9	51	3	5	2	50	3	67	5	66	8	68	9	73
10	7	1	5	60	9	1	4	22	5	3	0	11	4	11	7	12	6	5	0	53	1	63	3	62	4	55	8	63	4	5	4	91	5	83	6	78	8	70	9	89	8	5	0	57	2	54	6	64	7	58	8	62	0	4	1	99	2	116	6	118	8	116	3	1	4	34	2	5	0	62	2	64	3	65	5	63	9	75	1	1	2	27
10	3	1	6	80	7	1	1	15	6	1	1	76	1	5	1	63	4	64	6	63	7	90	8	63	4	1	4	0	8	3	1	73	2	56	8	74	2	3	0	26	8	18	9	24	5	4	0	10	1	12	2	9	4	11	9	3	1	66	6	67	7	44	0	1	4	3
10	5	3	0	48	3	58	9	48	4	5	0	27	2	29	5	35	6	33	7	34	2	5	0	61	1	97	2	101	6	71	8	76	0	4	2	1	4	1	6	0	9	0	1	2	1	2	7	1	7	4	0	34	1	40	3	33	5	36	3	5	0	19	4	16	7	16	8	16	9	16	9	5	0	76	2	82	4	72	8	77	9	56	8	2	4	79	6	77	6	1	3	42
10	7	4	5	25	7	21	8	30	9	29	0	2	0	7	2	7	8	1	8	89	3	2	4	44	6	53	2	1	8	33	4	1	2	26	1	2	3	39	5	44	9	3	5	3	6	4	9	3	5	4	1	81	3	85	6	53	7	82	6	4	0	27	1	25	3	21	4	21
10	1	3	2	26	6	26	7	22	9	5	0	3	1	3	2	3	3	3	7	2	2	1	3	84	6	4	2	87	4	97	8	81	9	104	5	1	9	22	7	3	1	39	2	42	8	46	0	3	2	102	7	106	9	106	8	2	0	7	6	7	4	2	2	51	8	57	3	5	0	3	4	3	5	3	6	2	7	3
10	6	3	1	105	6	74	9	113	2	2	2	14	6	17	9	4	3	14	5	19	6	14	7	14	3	2	6	61	9	71	8	5	0	95	2	80	7	88	8	102	9	74	1	4	0	47	3	40	5	47	9	44	7	2	4	83	6	75	4	4	0	44	2	41	4	38	6	29	5	4	4	3	5	2	6	3	8	2	0	4	4	65	5	100	7	83	9	83
10	5	5	0	82	1	65	2	61	4	68	8	65	8	4	3	58	4	47	5	50	9	39	0	4	4	58	7	82	8	59	9	57	4	2	0	55	4	69	2	2	0	57	8	59	3	3	1	86	2	64	3	60	6	4	5	88	6	94	7	105	8	115	1	4	1	68	4	95	6	74	7	72	7	3	1	2	7	1	8	1	9	5	1	61	2	71	5	79	6	67	7	88
10	1	5	2	5	5	5	6	5	7	4	9	6	6	2	2	72	7	89	0	3	0	27	6	39	8	39	3	4	1	99	2	80	5	85	9	80	7	3	1	25	7	18	9	22	9	1	8	5	4	5	0	72	2	92	4	88	6	90	8	82	8	3	3	30	8	23	9	24	5	5	1	27	5	30	6	34	7	24	8	25	2	5	1	52	3	54	6	58	7	40	8	48
10	1	1	7	54	2	5	1	48	5	59	6	62	7	64	9	45	4	3	0	15	2	16	8	18	7	1	5	36	3	3	2	62	3	92	6	93	9	4	0	104	2	71	3	107	5	77	6	4	0	28	4	36	6	28	8	37	5	2	2	36	9	28	8	1	7	57	0	3	1	38	3	29	9	31
10	3	3	3	59	6	74	7	62	5	5	1	1	3	1	4	2	7	2	9	2	6	5	1	21	3	19	4	12	6	21	7	17	1	1	5	58	7	2	0	29	6	28	8	1	0	46	4	1	2	59	9	3	0	26	2	28	6	27	0	5	0	19	4	26	5	28	7	23	9	26	2	2	4	52	8	53
10	9	1	7	94	0	2	6	57	9	47	5	1	3	12	2	4	2	68	4	78	5	90	8	75	4	4	0	64	2	69	3	72	9	55	3	5	2	80	3	67	5	103	6	108	9	85	8	3	0	40	4	36	9	54	1	4	0	3	1	2	2	2	3	2	6	3	1	98	7	85	8	107	7	1	9	119
