20	10	10
10	2	5	0	17	1	21	2	15	3	20	7	20	1	1	6	25	3	4	1	71	3	81	7	71	8	97	0	2	6	86	8	98	4	5	2	15	3	10	4	15	5	14	9	12	8	4	5	50	7	42	8	62	9	59	5	4	0	76	2	66	4	91	6	66	6	4	0	87	1	111	7	77	9	84	7	3	0	76	1	79	2	75	9	3	1	69	2	61	4	74
10	2	2	2	75	8	60	4	5	0	78	4	61	6	66	7	86	8	85	1	5	2	39	3	32	7	39	8	47	9	31	0	2	1	8	4	6	3	5	0	81	1	68	7	75	8	73	9	66	9	2	3	6	6	4	5	3	3	72	6	102	7	92	8	4	1	85	3	90	6	73	8	64	6	3	0	24	2	25	5	18	7	5	0	91	1	63	7	79	8	95	9	83
10	4	2	2	80	3	91	3	2	3	27	5	39	1	4	1	41	3	41	4	30	9	34	2	2	0	83	1	84	0	5	0	66	1	57	7	74	8	70	9	58	8	2	2	62	8	74	7	2	7	57	8	92	5	2	1	95	4	65	9	3	1	23	6	35	7	29	6	1	8	37
10	4	4	0	0	6	1	7	0	9	1	3	2	0	24	1	21	2	1	3	0	0	4	0	81	2	86	4	63	7	74	1	1	9	30	6	3	2	78	3	107	7	118	5	4	1	4	2	5	3	4	5	3	9	2	3	23	6	31	8	3	5	8	6	7	9	8	7	1	4	59
10	2	2	1	75	6	52	4	4	2	6	3	4	8	3	9	6	1	3	0	79	1	113	3	97	0	5	3	8	4	8	7	8	8	6	9	8	3	2	7	47	8	49	8	3	0	48	1	54	8	40	9	5	0	25	1	33	4	27	6	35	7	29	6	3	1	54	6	86	9	74	5	4	2	71	4	75	6	50	7	61	7	5	1	41	3	31	7	27	8	40	9	29
10	0	4	2	89	3	97	5	78	9	108	1	1	9	57	4	3	0	12	3	18	7	14	3	2	3	17	6	18	2	5	0	30	2	29	3	38	6	34	7	25	7	3	0	27	2	30	7	25	9	4	2	6	5	8	6	8	7	9	8	2	6	26	9	26	5	4	2	7	4	8	5	6	8	6	6	5	0	38	3	42	5	30	8	39	9	42
10	3	2	1	56	2	46	4	4	0	37	3	40	5	52	7	52	2	5	2	36	3	29	4	35	6	33	7	33	1	2	0	12	9	18	0	4	4	44	5	55	7	50	8	59	5	3	1	42	5	44	9	31	6	2	5	69	7	89	7	1	2	85	9	1	6	2	8	4	1	72	3	61	5	85	6	71
10	4	5	0	3	1	3	2	2	4	2	6	3	1	1	9	64	0	3	5	65	7	47	8	59	3	4	1	17	2	23	4	19	8	21	2	5	0	17	2	21	3	18	6	21	7	16	6	5	0	19	1	25	2	24	3	25	8	22	9	2	2	17	8	13	7	3	1	94	6	102	9	107	5	1	7	92	8	1	3	19
10	1	4	1	40	4	38	5	42	7	29	2	3	0	61	6	57	8	43	3	4	1	113	3	86	4	106	9	79	0	3	0	110	1	72	3	116	4	5	1	81	3	81	5	81	6	110	8	73	7	1	8	67	5	3	3	62	4	77	6	74	8	4	0	44	1	49	4	32	7	43	6	1	8	0	9	3	2	41	3	49	7	54
10	4	5	0	96	1	84	6	83	7	93	9	93	3	3	1	65	5	85	6	70	1	1	3	70	2	5	0	100	3	81	4	94	5	66	6	99	0	3	4	51	6	52	9	56	7	4	0	59	2	62	3	84	7	82	9	2	1	65	5	49	6	2	5	92	6	70	5	4	0	96	1	71	2	69	8	99	8	5	2	37	4	29	5	41	6	28	7	38
10	0	5	1	27	3	28	7	27	8	31	9	26	2	4	5	53	6	72	7	56	9	53	1	2	1	48	7	65	4	1	0	19	3	5	3	105	5	113	6	99	7	109	8	105	5	4	1	78	5	52	6	77	8	68	7	5	0	60	2	69	3	83	5	71	8	78	9	1	1	74	6	1	3	90	8	2	3	58	7	62
10	4	2	3	66	4	76	1	3	5	25	7	26	8	28	2	3	1	89	4	62	9	70	0	2	6	82	8	107	3	4	2	49	4	41	8	49	9	38	7	3	2	76	4	113	6	78	5	2	3	75	4	61	6	4	2	25	4	23	5	33	6	24	8	1	7	98	9	5	0	110	4	110	6	73	7	92	8	79
10	1	1	8	54	4	4	0	64	2	52	4	53	5	49	3	4	0	11	5	12	6	12	7	10	2	2	6	58	7	46	0	3	4	58	7	63	9	64	5	5	0	66	2	68	5	55	6	49	9	53	8	4	0	64	2	56	8	63	9	80	7	2	5	80	8	56	6	2	2	43	5	53	9	4	0	1	3	1	5	0	8	0
10	4	3	4	87	6	88	7	86	0	1	1	40	1	3	7	2	8	1	9	2	3	1	3	38	2	1	7	19	7	3	0	92	3	81	7	84	6	2	2	80	5	87	8	5	3	52	5	68	6	74	8	55	9	70	5	1	8	51	9	3	0	3	1	4	3	3
10	3	3	2	62	3	65	7	66	0	4	3	30	4	31	5	27	9	25	4	3	0	69	5	56	7	48	2	4	0	23	1	38	3	36	5	27	1	2	0	4	4	6	9	5	1	7	3	5	6	6	7	8	9	7	7	4	0	86	1	94	4	96	8	63	8	1	2	42	6	2	0	37	9	42	5	5	0	3	3	2	6	3	7	3	9	2
10	0	2	3	3	4	3	2	1	5	46	3	5	1	63	5	73	6	69	7	50	8	47	1	5	0	68	1	77	3	92	5	97	6	100	4	2	3	70	4	98	6	4	4	7	6	7	7	4	8	5	8	5	2	7	5	6	6	5	7	8	9	6	7	3	3	27	4	27	6	25	5	1	3	80	9	5	4	73	6	68	7	81	8	73	9	87
10	3	2	4	23	8	21	1	4	1	60	3	37	8	41	9	56	2	3	0	52	1	49	2	49	0	5	0	26	1	21	3	26	6	21	8	23	4	4	1	52	2	67	7	80	8	61	7	4	1	14	2	13	6	15	7	14	6	5	3	10	4	11	6	7	8	6	9	6	9	2	7	33	9	32	5	5	1	70	2	109	3	92	5	86	6	68	8	1	8	84
10	0	4	1	45	2	41	5	56	8	45	2	4	0	21	3	32	4	35	5	24	1	3	0	69	2	49	9	49	4	3	1	25	2	40	9	29	3	3	4	56	7	75	8	54	7	1	0	7	9	4	0	42	1	39	2	52	5	51	6	3	2	72	7	55	9	65	8	5	0	61	3	56	4	75	6	57	8	58	5	4	4	1	6	2	8	2	9	1
10	0	5	1	57	2	48	3	44	8	38	9	51	2	3	0	18	2	23	3	21	1	4	0	26	3	17	6	23	9	17	4	3	2	61	3	99	8	95	3	1	3	104	7	4	1	51	4	56	5	51	9	62	6	3	4	71	8	72	9	76	8	5	0	118	1	106	3	78	4	78	8	85	9	1	0	81	5	4	0	38	1	35	2	39	9	24
10	1	3	0	15	1	10	5	9	4	2	3	15	8	15	0	2	7	91	9	93	2	4	0	69	4	75	6	78	7	95	3	2	0	87	6	80	9	1	5	25	7	5	1	30	2	25	3	38	5	33	7	36	5	5	1	31	3	36	5	32	7	41	8	30	6	1	5	62	8	5	0	76	1	78	2	68	3	55	4	64
