20	10	10
10	8	1	1	40	7	1	6	20	6	2	4	63	6	83	9	5	0	19	3	16	4	17	6	20	8	20	2	1	3	37	1	5	0	26	1	19	7	21	8	19	9	18	5	4	2	109	4	104	5	87	7	96	4	2	2	18	6	16	0	2	2	62	4	54	3	5	5	45	6	67	7	51	8	43	9	68
10	4	2	0	53	1	65	5	2	0	95	6	116	3	4	3	32	5	44	7	39	9	43	9	4	1	77	2	83	7	89	9	73	0	5	0	12	1	13	5	9	8	13	9	11	8	1	7	82	6	5	2	93	4	62	5	65	7	92	9	70	7	1	2	55	2	5	0	30	1	37	2	31	6	25	8	36	1	4	1	36	2	41	5	37	8	33
10	5	3	0	41	5	43	7	40	4	3	4	81	5	71	8	82	2	4	0	63	1	71	4	77	9	52	6	2	7	47	8	47	1	5	0	15	2	21	3	18	5	17	6	22	7	3	2	45	3	39	9	49	0	5	0	66	3	96	6	81	7	88	8	95	3	5	3	42	5	41	6	30	7	41	8	34	9	5	0	78	2	74	3	74	4	65	7	74	8	2	6	59	9	73
10	1	1	0	90	5	2	4	83	8	80	0	4	0	69	1	96	8	88	9	113	3	1	7	63	2	5	3	108	4	81	6	92	7	103	9	88	7	1	3	32	8	4	1	19	7	20	8	28	9	20	6	1	0	40	9	5	2	66	3	75	4	87	5	82	7	69	4	2	0	60	7	50
10	2	4	1	89	2	99	7	101	8	90	5	5	0	18	2	28	3	20	4	19	8	29	6	3	1	86	2	61	3	71	9	1	1	68	1	2	6	45	7	51	3	1	3	16	8	4	1	98	4	93	8	95	9	85	0	4	1	42	3	34	6	36	9	46	7	2	2	33	7	42	4	1	8	90
10	1	3	1	7	5	6	9	8	4	1	0	75	0	3	0	81	1	102	6	78	2	4	2	36	3	29	5	29	9	31	9	4	0	9	6	9	7	8	9	8	8	4	1	30	4	30	7	40	9	29	5	5	1	32	2	29	5	29	7	34	9	24	3	4	0	76	4	93	5	74	6	86	7	3	1	76	2	83	4	92	6	1	8	11
10	5	5	0	46	4	50	6	48	8	49	9	48	9	2	1	47	3	46	0	1	4	55	4	3	4	28	5	30	8	30	6	5	0	55	3	60	4	51	6	43	9	63	3	5	0	18	2	17	5	20	6	12	7	13	2	4	0	48	2	50	4	67	7	52	1	4	0	87	5	83	7	70	9	82	8	2	2	37	8	40	7	1	7	20
10	5	2	8	11	9	9	9	3	1	47	3	49	9	51	8	4	0	14	7	10	8	14	9	15	7	2	3	69	6	63	4	4	0	23	2	17	5	23	7	24	6	1	2	61	3	1	1	40	0	1	1	106	1	4	1	39	3	40	4	37	9	35	2	5	0	44	2	33	4	47	7	40	8	45
10	1	1	7	35	8	2	3	54	7	68	0	4	2	83	3	95	5	83	8	60	2	3	3	38	5	27	6	35	9	2	5	49	7	50	3	4	2	29	3	26	4	21	8	22	5	1	7	36	6	3	0	105	2	83	3	70	4	2	2	29	9	29	7	3	0	7	2	9	8	7
10	4	1	1	104	3	2	2	23	4	25	6	3	3	59	4	95	5	81	5	1	9	77	2	3	2	116	8	90	9	98	8	4	1	86	3	62	5	57	9	79	1	1	6	65	9	4	0	83	4	101	5	76	7	95	7	5	0	54	1	40	2	50	5	52	8	56	0	3	2	85	4	78	5	83
10	4	1	7	23	7	4	1	31	3	32	6	24	9	33	9	3	1	24	2	27	5	30	2	3	0	14	2	16	3	13	3	3	1	86	3	86	5	100	8	3	6	74	8	78	9	95	5	4	1	89	6	73	8	93	9	87	6	5	0	15	1	21	4	16	8	22	9	19	1	1	4	23	0	5	0	24	1	16	5	15	6	20	8	24
10	8	1	1	103	5	3	1	35	3	21	5	23	1	1	8	75	7	1	2	82	2	3	1	18	7	22	8	28	3	5	2	77	3	115	5	88	8	118	9	89	6	3	1	82	2	93	4	86	9	1	2	86	4	5	0	41	1	33	4	55	7	38	9	35	0	3	3	55	4	64	8	62
10	2	5	1	12	5	18	6	17	7	21	8	17	4	1	7	117	3	5	0	51	1	41	2	37	7	38	9	51	1	4	2	49	3	38	5	48	9	46	8	2	4	26	9	24	6	4	0	67	1	53	4	53	7	56	7	4	5	47	6	68	7	62	8	62	0	3	4	49	8	41	9	39	9	3	6	59	8	56	9	39	5	5	0	28	2	21	4	24	5	28	9	20
10	0	1	9	82	8	2	2	37	5	47	3	5	0	15	4	18	7	15	8	19	9	21	7	4	0	79	3	84	5	121	8	121	5	5	2	28	3	33	6	33	7	35	9	28	2	1	0	46	4	3	1	98	2	113	6	94	6	4	3	67	7	56	8	56	9	75	1	5	1	14	3	12	5	11	8	12	9	10	9	3	4	73	8	89	9	87
10	9	2	1	60	8	89	0	3	3	84	4	83	7	68	4	2	0	73	9	54	8	5	1	73	3	89	4	79	6	73	9	73	6	4	0	38	1	33	5	33	6	27	2	3	2	57	3	42	7	59	5	3	1	14	5	14	6	12	3	2	1	63	2	66	7	4	0	21	4	21	8	22	9	16	1	1	1	43
10	3	2	0	73	4	72	2	1	9	10	5	5	0	71	2	57	5	61	7	58	9	55	0	2	4	40	7	43	7	4	2	57	3	65	4	75	9	81	4	4	0	86	1	72	3	89	9	61	8	5	0	89	1	69	3	66	4	60	9	74	1	4	2	64	4	53	5	84	7	85	6	1	1	61	9	5	1	17	4	20	7	24	8	20	9	18
10	1	3	0	25	1	24	4	24	7	1	7	43	8	5	0	72	1	43	2	67	3	47	7	71	3	2	1	30	4	28	4	1	3	48	5	2	3	57	7	49	6	2	5	41	7	29	0	3	2	31	6	38	7	25	2	1	9	51	9	4	2	49	4	46	6	48	9	48
10	1	3	0	37	5	41	6	48	7	5	0	44	1	33	5	35	8	40	9	34	2	3	2	21	3	15	6	14	0	5	2	58	4	77	6	54	7	66	8	68	8	4	1	59	2	69	7	77	8	51	6	3	1	11	3	16	4	14	3	5	1	27	5	26	6	24	7	24	8	24	9	1	7	34	5	5	3	9	4	8	6	8	7	9	9	10	4	4	4	114	5	88	7	94	8	111
10	2	5	1	66	3	56	4	44	7	72	9	52	3	2	3	59	5	51	4	5	0	67	1	74	3	54	6	59	8	53	9	3	0	82	2	80	6	108	0	5	0	58	1	49	4	68	6	67	8	59	6	1	5	26	7	2	0	49	9	49	8	5	2	35	5	26	7	36	8	32	9	31	1	3	1	46	7	31	8	35	5	1	9	17
10	1	3	0	100	3	67	4	87	0	2	2	86	9	77	5	4	1	53	4	43	5	59	6	61	3	2	4	56	6	53	9	5	1	16	2	11	4	16	6	16	9	18	7	2	7	65	9	73	8	5	0	22	1	30	6	37	7	22	9	29	2	4	1	87	6	97	7	89	8	84	6	2	5	77	6	66	4	4	0	16	2	15	4	20	8	19
