10	10	10
10	0	1	5	26	1	2	6	17	7	12	2	5	0	12	3	16	5	16	6	14	9	15	3	5	2	46	3	33	4	31	5	41	9	32	4	1	0	16	5	2	3	42	6	37	6	2	0	21	2	23	7	4	1	28	6	25	8	23	9	32	8	4	0	22	6	26	7	32	9	22	9	2	3	35	9	24
10	0	5	0	6	1	6	2	9	4	8	8	7	3	4	0	12	2	15	7	13	8	13	4	2	0	45	9	56	8	5	2	28	3	27	4	21	6	25	8	20	9	4	2	42	5	41	7	47	8	44	6	3	4	18	5	14	6	18	7	4	2	28	4	23	8	26	9	25	5	1	3	17	2	4	0	18	3	18	4	18	9	15	1	4	0	26	1	24	3	24	6	27
10	0	4	0	24	2	23	3	29	9	28	7	1	8	23	3	3	1	24	2	23	7	30	2	2	1	52	2	41	6	1	1	15	4	4	1	18	2	16	4	11	8	14	1	3	2	15	5	10	8	15	5	4	2	19	3	16	5	14	8	20	8	3	3	44	6	40	8	41	9	5	2	15	4	18	5	22	6	17	9	17
10	0	1	3	26	1	4	0	20	2	15	8	22	9	20	3	3	0	43	4	45	7	41	8	2	8	35	9	28	5	2	3	17	7	11	2	3	2	20	3	15	8	15	4	3	5	24	8	23	9	21	7	5	0	13	2	16	3	15	5	11	6	15	6	2	1	21	5	15	9	3	1	17	2	27	4	17
10	0	2	2	30	8	29	6	2	3	22	7	27	1	1	3	46	3	4	2	19	3	21	4	18	9	23	5	2	3	13	5	14	2	4	2	17	6	14	7	13	8	17	9	2	0	22	3	30	7	3	4	24	5	26	8	32	8	2	2	52	9	50	4	5	1	17	2	22	3	19	4	23	7	25
10	4	3	3	19	4	13	5	13	0	2	6	15	8	17	6	5	1	55	3	63	5	47	8	58	9	48	8	1	0	19	2	3	6	44	7	50	8	50	3	4	1	17	3	20	5	20	6	14	9	3	0	40	1	38	8	34	7	2	0	27	7	24	5	5	0	22	1	28	2	25	6	27	9	32	1	3	2	28	6	28	8	28
10	4	5	3	16	5	16	6	14	8	12	9	16	3	4	0	26	2	38	5	31	8	37	0	3	0	23	2	29	7	24	9	1	1	14	2	4	1	15	2	12	4	11	9	13	1	2	1	56	3	56	8	3	5	21	7	19	8	20	7	5	2	21	5	15	6	17	7	17	9	17	6	1	7	14	5	5	2	23	6	26	7	26	8	28	9	30
10	4	4	2	9	5	9	6	10	8	10	6	4	2	23	4	23	7	31	9	21	9	4	1	24	4	31	5	27	8	25	3	4	2	18	3	18	6	18	7	12	8	5	0	12	3	12	4	19	5	13	8	20	2	1	6	25	7	5	0	24	3	28	4	39	5	29	7	24	5	5	2	16	3	22	5	22	6	22	9	25	0	1	2	12	1	2	4	34	7	32
10	2	2	3	35	6	30	6	3	4	8	5	7	6	8	8	1	9	37	7	1	4	6	4	4	1	18	3	17	4	18	5	16	9	4	1	68	2	55	3	72	9	62	3	3	0	24	2	20	6	28	1	2	0	11	6	7	5	4	4	18	6	17	8	18	9	17	0	4	0	28	1	22	5	27	8	30
10	2	4	0	15	4	21	8	21	9	22	9	2	5	7	7	8	5	5	1	40	2	50	4	50	5	38	7	44	8	2	4	22	6	27	6	1	2	26	3	3	1	19	5	20	6	30	7	5	2	33	4	29	5	33	7	27	9	35	4	5	0	10	1	14	5	15	8	14	9	11	1	4	0	11	2	15	4	14	5	12	0	5	0	0	1	0	2	0	8	0	9	0
