20	10	10
10	2	1	9	13	0	2	1	63	8	52	4	4	1	12	2	8	3	7	4	11	3	1	2	93	1	4	0	67	1	58	3	53	7	75	8	1	3	85	9	3	3	65	5	68	6	54	7	2	5	3	6	3	5	5	1	87	3	63	4	59	6	90	7	70	6	5	0	18	5	12	7	20	8	14	9	19
10	1	2	1	5	2	3	4	4	4	72	6	61	7	69	9	63	3	2	2	30	5	22	2	2	3	16	6	11	0	5	1	91	2	107	3	110	4	85	8	92	9	2	0	10	7	8	8	2	5	58	9	73	7	4	0	33	2	39	4	35	6	26	6	3	2	105	8	72	9	84	5	1	0	9
10	3	4	3	42	5	36	6	41	7	29	4	2	5	78	9	81	0	2	3	51	6	46	1	1	7	29	2	5	2	96	3	80	5	90	8	62	9	77	9	2	5	15	6	17	8	3	6	21	7	32	8	22	7	3	2	43	4	28	7	37	6	3	0	97	2	110	3	69	5	5	1	43	3	38	5	30	7	29	8	33
10	4	5	0	33	2	30	3	34	5	23	7	30	3	2	1	16	8	21	0	3	0	44	5	55	6	45	2	4	0	77	1	73	2	82	6	103	1	4	2	22	6	23	7	15	9	15	5	5	5	5	6	6	7	5	8	4	9	3	7	1	7	9	8	2	0	40	2	54	9	1	2	51	6	3	1	120	2	90	6	89
10	0	5	0	19	5	18	7	16	8	16	9	15	3	4	5	16	7	20	8	20	9	16	4	3	2	46	5	31	6	46	1	4	1	82	3	87	5	69	8	81	2	3	0	120	3	79	7	117	5	5	0	42	1	42	2	62	5	47	6	55	8	2	5	28	9	27	6	1	5	1	7	3	2	105	4	79	8	90	9	3	5	49	6	50	7	57
10	3	5	0	111	2	73	4	102	5	77	6	109	1	4	0	32	1	30	2	37	5	27	4	2	1	105	4	96	2	5	1	88	2	76	6	83	8	65	9	55	0	1	0	47	9	3	0	55	4	48	9	55	7	1	5	19	5	2	4	4	8	4	6	1	1	49	8	2	4	40	8	48
10	3	1	7	33	1	5	0	54	4	50	6	52	8	53	9	60	4	5	0	38	2	44	3	41	4	41	9	33	0	5	1	67	3	48	4	72	8	60	9	48	2	4	0	89	1	115	4	88	8	90	6	2	2	17	4	20	9	3	1	42	7	49	8	47	7	3	0	113	1	91	6	103	8	3	2	71	8	82	9	84	5	4	0	21	1	18	7	22	9	16
10	0	4	2	22	6	20	7	22	8	17	3	1	1	65	1	2	1	31	5	34	4	3	2	88	3	102	6	106	2	3	2	70	6	69	8	47	8	3	1	94	2	76	6	65	5	4	0	52	6	34	7	46	8	48	6	4	0	68	4	91	7	85	9	97	9	1	9	86	7	3	1	55	5	40	6	51
10	1	2	3	67	4	86	0	4	3	53	4	60	5	50	7	50	3	1	2	39	2	5	0	75	2	55	6	61	8	50	9	56	4	2	0	90	8	107	8	1	3	30	5	4	2	36	3	38	7	39	9	43	6	2	6	46	9	51	9	3	1	34	2	53	7	43	7	4	1	9	2	9	3	13	5	10
10	2	4	1	36	2	21	6	21	7	24	1	3	1	20	7	18	9	13	0	5	0	6	1	5	2	7	7	4	8	7	3	4	0	67	1	74	4	70	9	91	4	1	7	40	9	2	7	15	9	11	6	2	1	1	7	1	5	4	0	65	2	46	6	51	8	55	7	3	1	54	4	49	9	47	8	2	4	11	6	15
10	3	5	0	90	2	70	3	58	5	79	9	90	2	5	2	9	4	10	5	12	8	10	9	12	4	2	5	1	6	0	0	3	1	36	6	32	8	42	1	2	2	87	5	115	7	4	2	61	3	60	4	47	8	65	5	2	4	81	5	116	9	4	0	81	3	72	4	78	8	90	6	3	1	54	3	48	7	62	8	5	0	76	1	89	3	88	6	64	7	83
10	0	1	7	71	2	5	0	80	2	112	4	105	6	86	9	75	1	5	1	23	3	17	4	19	6	23	9	17	3	5	0	88	6	91	7	91	8	78	9	101	4	5	0	51	2	65	4	62	5	66	9	44	6	3	3	25	7	17	9	17	7	1	8	35	9	3	6	58	7	83	9	94	8	3	0	46	4	54	6	60	5	4	2	41	3	41	5	34	7	36
10	3	3	6	76	7	81	9	103	4	4	3	53	5	52	6	53	8	55	0	1	5	90	2	3	3	39	7	29	9	29	1	4	0	58	3	57	6	44	9	51	7	3	4	43	6	49	7	61	6	3	2	63	3	62	9	77	5	1	0	89	9	4	1	94	2	92	5	70	9	82	8	3	3	37	6	39	8	38
10	3	5	1	62	3	67	5	52	7	43	9	56	1	2	3	94	9	88	2	4	2	73	6	102	8	65	9	81	4	2	2	2	7	1	0	3	5	63	7	68	8	51	8	2	2	3	8	3	5	2	2	83	5	66	6	3	0	29	5	41	7	39	7	3	0	43	7	40	9	40	9	2	5	110	9	80
10	1	3	1	14	3	14	5	17	3	3	2	34	4	39	8	34	4	2	5	40	9	39	2	2	3	21	7	26	0	3	2	63	4	88	6	57	7	3	0	71	4	84	8	53	8	1	8	10	9	1	1	61	5	2	7	29	8	34	6	3	0	103	1	83	2	113
10	4	3	0	19	1	28	5	21	1	3	2	69	4	62	7	82	2	1	2	84	0	3	0	36	7	35	9	39	3	3	2	31	3	46	5	39	5	2	1	74	9	77	7	4	0	113	2	119	3	82	5	74	8	5	2	66	3	79	6	107	8	97	9	94	9	3	1	70	2	85	8	72	6	3	0	3	5	4	8	5
10	1	3	6	45	8	49	9	55	2	2	5	62	8	43	0	1	4	2	4	2	6	108	7	85	3	1	6	20	5	4	0	66	1	74	7	56	9	71	7	3	1	13	3	11	9	10	8	3	6	108	7	68	8	108	6	1	3	79	9	2	0	27	3	32
10	2	2	6	104	8	74	3	3	1	3	5	2	6	3	4	1	0	22	0	3	2	51	3	57	7	43	1	5	0	66	1	69	6	82	8	82	9	83	8	3	2	36	3	40	7	42	5	2	1	32	5	46	9	2	1	84	4	56	7	3	0	14	3	20	6	15	6	1	9	15
10	0	1	8	2	3	4	0	49	6	58	8	43	9	59	1	4	1	31	2	35	8	25	9	23	2	5	2	21	3	24	6	31	7	25	9	27	4	2	0	117	1	110	5	1	0	85	6	3	0	43	3	39	7	47	8	4	2	115	3	112	6	102	8	76	7	5	1	52	2	83	4	66	6	65	7	54	9	5	1	35	3	50	5	34	7	40	9	31
10	4	4	3	78	6	63	7	82	9	73	3	3	1	54	4	69	7	71	0	4	0	46	4	73	6	57	9	64	1	3	4	12	6	11	9	16	2	2	0	30	4	25	5	2	1	5	4	5	8	2	0	63	1	75	9	2	0	96	3	86	7	3	1	27	2	36	8	27	6	1	2	64
