15	10	10
10	7	2	1	78	8	70	5	3	5	47	7	49	8	50	8	2	0	71	5	59	2	5	1	49	3	54	6	45	8	52	9	41	4	2	1	77	2	87	6	2	1	85	5	96	3	2	4	3	5	3	1	4	1	68	4	55	6	60	8	47	9	3	3	113	5	82	8	103	0	4	0	8	1	9	2	10	5	8
10	6	2	4	22	9	17	1	1	4	103	4	1	7	15	5	5	2	40	4	34	5	43	7	33	9	30	2	2	4	69	5	83	3	2	3	78	9	89	7	2	1	30	7	29	8	1	0	60	9	1	7	54	0	3	4	68	6	81	7	67
10	0	5	1	49	3	39	4	36	6	50	7	47	5	2	1	66	9	79	8	4	0	26	6	31	7	27	9	27	9	2	3	81	8	76	3	5	1	52	3	75	4	71	6	68	8	80	6	1	8	17	4	5	2	8	4	10	5	10	7	9	8	10	7	3	5	83	7	87	8	63	2	2	1	46	7	36	1	1	5	41
10	5	4	0	68	2	79	5	77	8	93	2	5	1	14	2	14	4	19	5	14	9	17	3	2	4	5	5	8	6	3	7	62	8	77	9	62	4	4	1	10	2	10	5	9	6	12	7	2	0	72	4	56	8	2	0	36	7	43	9	5	1	38	2	37	6	33	8	37	9	26	1	3	4	71	6	72	9	72	0	2	7	59	9	42
10	9	1	6	23	4	1	4	14	6	1	1	72	7	5	0	62	3	52	7	80	8	70	9	83	0	5	0	77	1	72	3	67	8	68	9	73	2	2	0	74	4	73	8	3	2	12	5	17	7	18	5	2	2	39	7	41	3	1	5	91	1	2	4	92	8	80
10	6	1	8	73	5	4	2	85	3	83	4	83	8	115	1	3	2	46	8	59	9	59	7	4	0	79	6	60	7	75	8	53	8	5	0	57	1	75	5	68	7	67	8	77	4	3	0	67	4	55	8	64	0	5	4	62	6	43	7	41	8	39	9	60	2	2	7	27	9	35	9	1	7	8	3	3	0	83	1	84	5	69
10	7	1	1	58	0	2	5	102	8	115	8	3	3	50	6	46	9	55	4	1	0	29	2	1	2	91	1	2	2	55	9	63	9	2	7	40	9	37	3	3	2	28	3	30	5	26	6	1	6	85	5	1	0	5
10	3	1	5	60	5	5	1	18	2	14	3	14	4	11	6	13	9	5	1	60	3	90	5	90	8	91	9	84	1	5	2	10	3	8	4	6	5	10	8	6	8	4	0	39	1	34	3	47	9	49	2	4	0	31	1	38	2	43	3	30	4	3	1	29	3	33	8	30	6	3	0	67	5	97	9	80	0	2	5	33	7	44	7	2	6	66	8	88
10	0	4	0	59	3	83	8	67	9	64	7	1	3	16	2	2	3	90	9	70	8	1	6	24	4	5	0	42	2	61	3	54	7	44	8	56	6	2	0	75	5	88	5	2	6	82	8	82	1	4	4	80	5	75	7	89	8	74	9	2	2	33	4	48	3	5	1	9	3	16	7	16	8	10	9	11
10	2	4	0	5	2	6	4	6	7	6	1	4	0	30	4	24	5	30	6	29	7	4	0	36	3	36	4	37	8	29	6	3	2	55	5	79	9	75	4	5	2	42	5	54	6	50	8	49	9	40	0	4	1	44	2	54	4	55	7	43	5	5	0	89	2	84	6	69	8	102	9	62	3	4	0	5	2	4	3	4	4	6	9	2	0	106	8	72	8	4	0	55	4	63	5	62	7	60
10	8	3	3	67	4	74	9	58	2	2	0	71	5	72	5	1	8	35	0	4	2	61	3	55	6	51	9	53	7	3	1	73	6	64	9	80	3	1	1	49	1	5	1	42	2	38	5	43	7	42	9	29	4	4	0	60	3	72	5	84	9	69	9	1	7	6	6	5	0	79	1	69	2	97	5	104	9	110
10	2	1	8	83	9	5	0	69	2	97	6	85	7	67	9	98	0	3	3	84	6	102	7	63	1	3	0	61	1	78	3	72	8	3	1	70	3	56	7	57	6	2	2	74	8	67	3	5	0	9	4	12	6	12	8	8	9	10	7	5	0	79	1	64	2	79	3	99	8	82	5	1	3	96	4	3	5	5	6	7	9	6
10	4	1	8	34	9	1	4	8	7	2	2	61	8	42	6	1	3	90	0	3	0	46	5	39	9	42	5	2	1	29	6	29	2	4	2	21	4	29	6	24	9	20	1	4	1	78	3	77	4	49	6	60	8	1	9	52	3	5	0	30	1	30	2	31	3	30	5	28
10	2	5	3	11	4	14	5	14	7	14	9	17	5	4	1	47	2	42	3	33	9	34	6	1	2	51	4	4	0	48	1	46	2	67	5	51	3	3	4	80	7	101	8	94	9	4	3	62	5	54	7	56	9	59	7	1	7	51	1	1	2	6	8	5	1	40	2	41	3	54	5	56	7	54	0	4	3	92	4	61	5	95	9	65
10	1	5	1	17	2	17	4	20	7	16	9	20	8	1	2	101	7	4	2	52	3	72	8	50	9	54	6	1	2	56	3	1	6	69	9	2	1	58	6	50	2	5	1	45	5	35	6	32	7	46	8	47	5	2	5	46	8	53	4	2	3	66	9	81	0	5	0	72	2	50	3	73	4	48	5	59
