50	10	10
10	8	5	1	122	2	92	4	118	5	75	9	102	7	5	0	27	1	29	4	31	6	31	8	34	4	4	1	31	4	43	5	44	7	40	9	4	0	10	3	9	4	8	6	13	2	2	2	35	8	30	1	3	0	56	3	70	5	87	5	5	0	46	1	33	4	46	6	40	7	49	0	4	0	0	2	1	4	0	9	0	3	2	2	45	5	67	6	1	5	103
10	4	3	0	92	5	83	9	61	6	1	8	18	3	3	2	115	4	97	9	120	7	3	3	45	5	48	6	38	8	3	1	28	2	22	8	36	0	1	7	111	9	4	3	52	4	59	6	46	8	69	2	4	1	57	4	69	5	63	8	80	1	3	0	67	6	89	9	64	5	3	3	50	6	56	7	58
10	5	2	3	80	6	92	0	3	1	59	6	52	8	46	1	1	1	79	7	3	0	20	3	22	5	20	2	3	0	83	4	65	7	63	8	1	3	94	3	4	0	51	4	41	5	50	9	40	4	3	0	26	1	20	4	17	9	2	6	71	9	72	6	3	0	68	4	80	9	86
10	4	1	9	105	6	1	2	81	0	2	1	88	7	109	2	2	0	11	6	14	7	4	1	53	2	40	6	57	9	54	1	2	0	58	3	51	9	1	3	72	3	1	6	18	8	3	3	77	5	88	7	73	5	3	5	41	7	30	9	27
10	0	5	1	45	2	59	5	54	7	40	9	43	1	3	2	71	5	63	9	62	4	5	0	104	1	87	4	72	5	95	8	82	8	2	0	69	9	48	3	5	2	72	4	87	7	80	8	78	9	71	5	2	2	4	5	5	9	5	0	57	1	73	3	58	6	61	9	67	7	1	1	43	2	2	3	10	4	8	6	3	4	23	5	23	7	18
10	6	1	5	23	7	2	7	10	9	7	1	5	0	74	1	85	2	108	4	95	8	100	0	3	2	56	4	58	7	49	2	5	1	59	4	45	6	45	8	55	9	40	9	3	2	14	4	17	5	15	5	1	4	22	4	1	2	1	8	2	6	30	9	23	3	3	1	62	2	101	5	86
10	1	1	7	37	4	2	3	65	8	68	5	1	7	88	9	5	1	110	2	91	3	92	6	78	9	87	7	2	4	64	7	67	2	5	1	37	3	48	5	39	6	30	9	49	6	3	2	62	6	40	8	38	8	2	7	60	8	74	0	4	1	1	3	0	7	1	8	1	3	3	3	30	5	29	7	35
10	2	5	1	57	2	56	3	39	7	53	9	45	3	1	3	59	1	3	1	29	4	29	5	44	7	2	2	12	5	12	6	2	4	64	8	51	4	4	0	51	1	45	8	57	9	38	8	2	4	72	5	78	5	4	1	45	2	47	3	31	9	37	0	2	6	10	8	9	9	5	0	84	5	85	6	79	8	75	9	82
10	1	1	3	24	6	5	3	77	4	85	5	90	6	109	8	98	0	5	0	34	3	32	4	40	8	25	9	28	3	1	1	4	2	1	8	104	9	3	4	24	5	17	7	22	8	3	2	14	6	14	8	9	4	4	4	56	6	53	8	52	9	68	7	2	0	67	1	64	5	3	3	50	5	54	7	45
10	6	1	5	77	3	4	0	9	1	7	3	6	7	9	8	5	2	69	3	46	5	62	6	70	8	62	0	4	0	67	2	52	3	78	9	69	4	3	2	39	5	43	6	32	1	1	6	39	5	1	2	25	7	4	1	86	3	98	6	77	8	88	9	4	0	92	2	66	3	105	6	104	2	4	3	4	4	5	5	3	8	3
10	9	5	0	66	3	56	4	63	7	44	9	46	5	3	0	82	1	93	6	120	6	4	0	2	3	2	7	2	8	2	3	1	4	21	0	4	3	63	4	56	6	39	9	56	7	4	0	9	1	7	2	7	4	10	4	4	0	13	1	12	7	11	9	12	1	3	0	77	3	71	9	80	2	1	1	109	8	5	2	22	3	25	4	31	7	23	8	25
10	7	1	2	67	0	4	0	53	3	55	5	54	7	67	9	3	0	91	5	95	9	63	2	5	1	22	5	27	6	23	7	22	8	24	5	4	1	23	3	23	8	18	9	21	6	5	0	76	5	93	6	90	7	85	8	74	1	3	0	34	5	32	6	21	3	3	2	8	6	8	8	8	8	4	0	108	1	111	5	116	6	87	4	3	0	1	1	0	9	0
10	5	2	2	57	9	60	8	1	6	56	9	4	0	51	4	39	8	41	9	60	4	5	1	30	3	21	5	26	7	24	8	34	7	4	0	70	1	74	2	57	8	74	0	3	0	53	1	48	3	46	6	5	0	72	4	57	5	94	7	73	8	63	2	5	0	25	1	20	5	21	7	18	9	25	1	2	6	3	8	4	3	4	0	122	1	74	3	97	9	80
10	1	1	1	80	5	3	3	32	7	39	9	42	0	1	9	75	7	3	3	36	5	49	6	39	6	1	4	46	3	1	5	12	4	4	1	39	3	29	7	46	8	28	9	3	0	74	4	62	5	69	8	2	0	29	4	26	2	3	0	38	1	35	9	25
10	0	4	1	23	5	20	7	23	9	16	8	1	6	85	3	5	1	38	2	33	3	42	6	40	9	45	6	1	5	62	9	4	0	52	1	57	3	54	9	75	4	5	2	10	3	9	4	6	6	8	9	6	2	2	7	56	9	60	1	5	1	28	3	25	5	23	7	32	9	30	7	2	3	19	9	32	5	3	2	43	4	34	9	36
10	8	5	1	67	2	82	3	81	5	74	8	76	1	5	3	62	4	78	5	72	7	80	9	51	9	5	1	16	2	23	3	19	6	20	8	25	7	2	1	84	7	80	4	2	3	0	6	0	5	1	4	85	6	3	3	19	5	13	7	16	3	1	9	29	2	3	0	52	6	63	8	75	0	1	5	80
10	8	5	0	78	1	80	2	55	4	60	5	56	6	1	4	49	4	5	0	69	1	79	3	80	6	97	7	84	7	1	9	90	1	1	9	58	3	3	0	45	3	56	7	43	0	2	4	10	6	8	9	3	1	75	6	94	8	76	5	3	0	57	6	54	7	66	2	4	0	29	4	26	8	31	9	28
10	4	2	0	87	8	63	2	2	2	86	7	72	6	2	1	7	5	7	1	1	4	51	3	2	3	62	9	83	0	1	7	9	8	5	0	56	3	60	6	39	8	38	9	60	9	2	1	67	8	80	5	3	4	3	5	3	7	3	7	2	0	86	1	82
10	8	2	3	31	4	33	5	3	0	4	5	3	9	4	1	5	4	60	6	58	7	53	8	64	9	67	3	1	0	73	0	2	7	38	8	44	4	1	2	108	2	3	0	59	5	55	6	53	7	3	0	54	3	42	5	45	6	4	0	19	4	24	6	25	8	22	9	4	2	65	3	64	8	67	9	85
10	2	5	0	18	1	15	3	18	4	18	5	18	9	2	3	96	9	72	0	4	4	77	5	81	7	55	9	84	1	1	6	30	5	2	4	65	7	60	8	3	0	45	7	50	9	62	7	2	4	64	7	62	3	5	0	55	2	37	7	39	8	53	9	49	4	1	1	49	6	2	5	80	8	72
10	7	2	3	78	8	78	4	2	0	14	6	13	2	4	0	22	1	29	2	29	5	20	3	1	9	21	0	5	1	9	3	16	4	12	5	9	8	16	9	1	6	14	5	1	3	93	8	4	0	87	2	72	6	63	7	81	6	1	6	33	1	5	0	89	2	87	5	87	6	78	8	109
10	6	4	3	44	4	40	6	36	7	32	8	4	0	17	1	20	7	15	8	21	4	4	1	53	5	76	7	80	8	63	7	5	0	9	4	7	5	6	6	10	7	7	1	1	3	29	2	1	6	107	0	5	0	2	3	2	4	3	5	3	8	3	3	1	2	60	5	5	0	45	4	35	5	40	8	30	9	45	9	3	5	66	6	44	8	45
10	5	2	5	8	7	8	0	3	3	73	5	61	9	74	2	5	0	17	1	12	4	13	5	18	9	17	6	3	4	62	6	57	7	70	4	1	1	10	1	2	4	34	6	39	8	3	6	100	7	89	8	100	7	4	0	66	2	62	4	78	7	85	3	4	2	30	4	39	8	28	9	37	9	4	3	17	4	25	5	18	7	23
10	5	2	1	100	5	81	6	4	0	23	1	14	6	17	7	22	3	3	0	89	2	92	7	84	8	1	1	78	0	3	2	75	7	72	9	81	2	3	0	92	5	115	9	101	9	2	1	18	6	20	1	2	1	30	5	26	4	4	3	60	4	39	5	39	7	65	7	3	2	6	3	6	5	6
10	3	3	3	53	4	54	6	59	2	3	1	34	2	32	8	31	5	1	0	53	8	5	0	61	5	88	7	72	8	59	9	69	7	5	0	35	1	37	5	32	6	42	7	42	6	5	1	35	4	30	5	30	6	39	8	36	1	3	4	44	5	43	8	47	0	1	5	112	4	5	1	44	3	45	5	69	8	61	9	68	9	5	0	52	1	46	4	61	6	56	9	54
10	0	3	7	112	8	103	9	115	9	5	0	17	3	21	6	25	8	26	9	25	4	1	9	47	6	1	9	48	2	4	1	45	2	49	5	40	7	58	7	1	3	21	1	4	1	57	6	66	8	68	9	77	3	3	3	58	4	59	7	81	8	1	1	92	5	2	4	36	6	42
10	4	3	0	4	5	4	9	5	1	4	3	5	4	4	7	5	9	4	0	2	0	77	8	82	7	2	0	94	1	85	9	5	0	63	1	95	2	93	3	61	9	92	2	4	0	26	2	35	6	36	8	34	5	2	7	1	8	1	6	3	0	106	5	96	6	99	3	4	1	27	2	24	4	18	8	22	8	3	5	57	6	35	7	35
10	3	4	2	83	6	76	7	74	8	91	5	5	2	73	4	50	5	64	8	48	9	54	2	2	2	114	5	114	7	5	1	52	2	74	4	55	7	61	8	73	8	4	0	97	3	72	5	103	7	109	0	2	3	11	9	13	4	4	0	11	1	14	5	12	6	13	6	3	0	70	3	96	8	93	1	5	0	15	1	13	5	13	8	9	9	9	9	2	6	21	8	21
10	0	3	3	81	6	117	7	118	7	2	1	72	9	103	6	2	1	70	5	57	2	4	0	52	5	61	6	86	9	76	8	1	2	85	4	3	1	58	5	55	9	63	5	1	9	94	3	1	3	21	9	2	1	36	5	39	1	2	2	2	5	1
10	0	4	4	108	5	90	7	111	9	94	3	4	2	81	3	84	6	82	8	86	2	4	0	35	1	27	2	30	4	37	4	5	0	55	1	85	3	56	4	66	5	90	6	2	1	63	2	76	1	3	1	76	2	72	5	94	9	2	0	24	8	24	7	3	4	69	5	69	8	79	5	3	0	42	5	50	6	37	8	3	1	85	2	91	5	64
10	1	3	0	52	1	53	7	46	0	3	4	53	5	50	9	62	4	3	5	63	6	78	7	63	8	4	4	116	5	93	7	96	9	90	6	5	2	60	4	48	5	68	6	62	9	46	5	1	3	5	7	2	6	16	9	14	2	1	7	35	3	1	7	32	9	3	0	21	3	15	5	17
10	1	3	0	82	6	69	7	77	9	4	0	42	7	40	8	26	9	29	3	1	6	73	0	1	2	6	2	2	2	26	4	27	5	5	0	28	2	32	4	29	8	30	9	37	6	1	8	57	4	4	0	111	5	102	6	111	8	104	8	4	1	59	3	62	4	71	5	66	7	4	0	56	3	65	5	42	8	54
10	3	5	0	2	2	2	4	3	6	3	9	3	4	2	4	52	7	78	1	3	0	79	7	49	8	50	7	1	8	24	6	2	3	35	4	50	5	3	0	2	8	1	9	1	9	1	2	72	0	4	0	39	2	51	4	50	8	54	2	4	4	48	5	31	6	47	8	39	8	3	3	40	7	31	8	34
10	4	4	1	60	2	82	4	57	8	62	3	5	3	43	5	37	6	34	8	31	9	47	7	1	2	72	0	2	7	67	9	52	6	2	3	77	8	106	9	2	5	41	6	44	5	1	4	5	8	1	9	79	1	5	2	43	4	64	6	65	7	55	9	45	2	1	5	1
10	3	1	6	78	8	4	1	22	4	16	5	21	6	22	9	3	1	73	4	88	7	98	2	4	2	25	4	20	6	26	9	25	5	5	0	35	4	43	5	51	6	31	9	33	4	2	0	18	1	20	7	5	1	61	4	88	6	92	7	91	8	68	0	1	5	54	6	1	0	7	1	3	2	26	5	21	6	20
10	2	5	0	61	5	86	6	61	7	91	9	87	4	5	1	62	5	85	6	65	7	63	9	74	5	2	1	51	8	51	0	4	0	83	1	65	6	74	7	93	8	1	4	23	9	5	1	82	3	74	5	83	7	88	8	72	1	3	0	75	3	82	4	118	7	2	2	23	8	28	3	2	2	54	8	74	6	1	8	79
10	9	1	1	83	6	2	0	52	3	67	5	2	3	47	7	58	3	4	4	63	5	59	6	86	7	78	2	5	0	44	2	48	4	54	8	57	9	38	0	4	5	34	6	45	7	46	8	41	1	1	7	8	7	1	7	113	4	2	4	16	8	16	8	5	0	64	4	49	6	80	7	54	8	71
10	1	2	3	1	4	1	3	2	1	13	2	12	2	4	1	58	2	54	4	69	7	53	5	2	0	36	4	42	4	1	7	66	7	3	1	16	3	19	8	13	0	5	0	40	1	33	2	50	3	35	6	46	9	4	5	111	6	76	7	96	9	74	6	4	3	45	5	45	6	44	9	47	8	2	0	67	3	77
10	3	1	3	23	8	1	5	17	6	1	4	45	9	2	3	46	8	45	5	5	1	3	2	3	5	2	6	2	9	3	7	1	0	80	4	1	7	63	2	1	2	19	0	2	2	76	6	99	1	3	1	0	5	0	6	1
10	0	4	0	16	2	20	7	14	9	14	8	3	3	6	4	9	9	9	9	2	4	18	5	24	5	3	1	35	3	28	4	40	3	1	2	72	7	4	0	6	2	3	3	4	5	5	2	1	5	60	1	4	0	13	3	13	7	21	8	16	4	2	1	88	8	89	6	2	1	95	2	73
10	8	4	1	96	2	97	6	98	8	90	5	5	0	48	2	54	3	36	4	45	7	52	0	5	0	51	1	37	3	49	6	37	9	41	1	5	0	40	2	30	5	38	6	25	7	33	9	1	8	13	7	2	4	9	8	11	3	1	5	56	4	1	1	108	6	4	1	28	4	28	7	24	9	31	2	2	2	15	4	11
10	2	1	9	30	1	4	0	61	2	74	4	59	6	81	6	2	6	52	7	52	0	4	0	60	2	52	3	55	8	39	9	3	3	86	6	96	7	63	8	2	3	58	4	45	5	3	0	27	6	23	7	20	7	3	0	78	1	81	9	77	3	4	0	84	1	91	3	70	9	79	4	4	0	77	1	78	5	61	8	82
10	1	4	0	87	3	80	5	108	9	80	7	3	4	15	5	16	7	22	3	2	0	78	4	62	6	3	0	5	4	3	7	4	8	2	5	98	7	81	9	4	0	15	2	18	7	19	8	19	0	2	0	22	2	33	2	4	2	32	3	34	8	50	9	46	5	2	0	90	1	101	4	1	3	57
10	2	2	0	49	6	41	1	1	6	55	4	2	1	33	8	25	9	3	1	64	3	87	4	63	5	3	2	36	6	39	8	34	0	2	0	58	6	84	3	1	3	74	6	1	2	32	8	4	0	50	7	61	8	67	9	51	7	1	2	42
10	3	4	0	51	1	59	3	68	4	66	7	4	1	44	4	44	6	33	8	41	2	2	5	19	8	13	9	5	0	85	1	56	2	57	4	60	6	74	1	3	1	51	2	35	8	55	5	2	0	18	4	21	6	4	0	53	1	70	6	44	8	42	4	1	9	41	0	1	6	77	8	3	2	45	3	30	7	38
10	2	1	5	5	7	5	3	83	4	87	7	63	8	67	9	86	6	1	2	18	1	5	1	20	2	26	5	19	6	26	7	23	0	5	0	27	2	18	3	29	6	30	9	23	8	5	0	2	4	2	5	2	6	2	8	2	5	5	0	66	1	73	3	72	4	57	7	56	4	2	0	19	7	22	9	5	0	39	1	36	3	33	5	43	8	37	3	4	0	60	2	75	5	68	9	48
10	1	2	2	22	7	23	4	2	8	20	9	20	8	3	4	15	7	13	9	13	9	3	2	33	4	26	7	35	5	4	2	27	3	26	6	31	9	30	0	1	2	7	3	2	4	36	5	46	6	5	1	49	4	59	5	54	7	62	8	45	7	5	0	16	3	25	4	23	6	25	9	26	2	5	1	88	3	81	4	66	6	59	8	67
10	5	2	1	49	7	51	4	3	1	7	2	6	4	6	7	2	1	3	4	4	8	3	0	27	3	33	8	20	9	2	0	36	4	44	2	2	0	97	5	108	6	3	3	50	5	57	8	40	0	2	0	50	2	44	1	1	4	11	3	3	3	21	7	13	8	16
10	1	5	1	47	2	58	5	36	6	48	9	43	7	3	7	35	8	39	9	51	4	2	1	67	6	63	8	4	0	7	2	9	4	9	6	7	0	3	1	19	2	18	3	17	2	2	1	49	7	52	3	5	3	18	4	14	5	13	7	15	9	18	6	3	0	1	3	1	6	0	9	2	2	12	4	8	5	2	1	5	7	3
10	4	3	0	40	1	59	4	57	6	5	0	20	2	33	6	27	7	26	8	30	7	5	0	14	1	17	6	19	7	21	9	19	5	3	0	69	6	66	7	48	2	5	0	36	4	33	5	25	6	26	8	31	8	1	2	62	0	1	5	44	3	5	0	84	1	95	2	77	4	87	6	107	9	5	1	95	3	72	4	67	7	84	9	91	1	4	2	32	6	39	7	41	9	31
