20	10	10
10	6	2	0	35	1	32	3	3	2	12	4	19	9	19	1	5	1	39	2	35	3	40	4	35	6	25	8	4	1	14	4	15	5	15	7	11	7	4	1	69	3	59	5	81	7	85	4	5	2	9	4	12	5	12	6	12	7	10	9	3	0	63	1	75	7	66	0	1	3	98	5	3	1	82	7	108	8	92	2	1	9	17
10	8	1	2	33	4	1	5	64	3	1	1	86	5	5	0	68	1	53	5	45	6	50	9	68	9	1	9	62	1	5	0	44	2	38	3	48	4	50	5	39	6	4	2	44	4	60	5	59	6	68	0	3	3	85	4	79	9	102	2	2	2	32	6	33	7	2	2	61	8	81
10	3	3	0	78	3	64	8	90	2	5	0	62	2	48	3	50	5	48	8	67	7	1	3	30	5	1	8	80	4	1	4	81	0	5	2	84	5	77	6	87	7	83	9	75	8	1	4	28	9	4	4	14	5	14	6	12	9	20	6	1	7	95	1	4	0	4	2	4	3	3	5	3
10	4	3	4	22	5	25	8	21	5	2	2	4	5	7	2	2	3	18	6	11	8	1	6	18	1	3	2	24	7	32	9	22	0	1	9	70	6	1	6	48	7	5	2	21	4	12	5	14	6	21	8	16	3	3	0	21	7	20	8	21	9	5	2	66	5	108	7	101	8	109	9	89
10	9	5	1	23	2	21	5	23	7	30	8	19	6	2	4	50	9	44	5	3	0	18	1	16	4	13	4	4	0	8	1	11	5	12	8	10	3	5	1	75	2	59	3	60	4	50	8	46	7	3	6	6	8	5	9	5	8	1	8	71	1	3	6	30	7	27	8	27	2	4	1	15	6	14	7	16	8	12	0	3	1	42	2	35	8	56
10	1	4	2	74	3	99	5	106	7	71	8	4	0	57	1	46	5	60	9	53	2	3	3	74	4	84	6	62	6	4	2	60	4	51	5	41	7	67	9	4	0	51	3	56	6	58	7	45	0	3	3	80	6	73	9	99	3	5	1	37	2	33	4	31	5	28	8	35	7	4	1	108	2	90	3	111	6	73	5	5	1	46	2	39	4	54	6	33	8	50	4	5	2	64	3	72	5	64	7	56	9	80
10	5	5	0	99	2	74	3	105	4	65	5	82	6	2	3	105	9	101	3	3	0	86	1	88	8	89	9	4	0	108	2	108	3	86	9	101	2	3	3	60	4	60	6	67	0	5	2	27	4	28	5	40	8	34	9	24	7	4	0	45	1	66	4	47	7	55	8	3	3	106	5	106	9	77	4	4	0	74	3	63	7	58	8	66	1	2	3	44	5	42
10	2	1	2	67	3	5	2	15	3	15	4	22	7	21	9	16	9	5	2	32	3	31	7	34	8	25	9	35	4	1	1	40	7	5	0	16	1	23	4	15	6	18	8	22	5	5	3	96	4	62	6	102	7	66	9	92	8	5	4	50	5	76	6	68	7	61	9	72	0	1	4	47	6	2	7	95	9	87	1	1	2	61
10	3	2	2	46	9	57	4	4	2	60	6	75	7	92	9	77	6	5	0	89	1	58	2	73	5	94	8	88	0	2	1	56	9	56	1	2	4	57	9	78	2	4	4	10	5	10	6	8	9	10	9	3	1	31	5	26	6	33	5	1	4	63	7	4	0	49	7	46	8	67	9	59	8	5	2	82	3	71	5	98	6	63	8	99
10	0	3	2	55	4	61	6	44	2	3	6	83	8	97	9	89	4	5	2	9	3	11	4	11	5	9	8	10	7	2	4	43	7	44	3	1	9	9	5	2	7	44	8	66	6	5	1	87	2	93	4	91	7	105	9	99	8	2	0	15	8	23	9	4	1	6	2	5	5	8	9	5	1	2	2	61	4	71
10	5	1	7	56	6	3	0	7	5	11	8	8	4	2	5	81	8	78	3	2	2	45	5	38	2	3	4	3	8	4	9	4	8	2	0	12	5	15	9	2	2	65	5	63	1	3	3	20	7	20	9	30	7	4	3	9	4	11	5	12	7	11	0	2	4	72	7	72
10	0	3	0	62	8	67	9	74	1	4	1	36	3	38	7	29	9	29	2	2	3	64	8	47	7	2	2	49	9	60	4	5	1	96	3	109	6	99	7	94	9	79	9	2	4	16	7	21	8	1	4	7	3	4	0	6	2	5	5	5	8	5	6	5	0	52	2	36	4	43	7	55	8	43	5	1	3	28
10	2	5	1	100	3	73	6	94	7	69	9	66	9	3	2	50	6	48	7	62	0	1	6	62	5	3	0	87	4	120	9	123	4	5	2	30	3	37	4	38	6	33	9	31	6	4	2	76	4	80	5	76	7	95	1	1	2	112	8	4	2	61	3	56	8	55	9	65	3	2	5	24	9	33	7	2	3	66	6	80
10	0	2	1	56	8	60	3	3	1	22	3	28	9	19	5	3	3	8	7	7	8	9	6	2	5	33	9	31	7	3	5	11	6	9	9	15	8	2	3	28	7	21	2	2	7	5	9	6	4	3	6	14	7	15	9	14	9	4	1	43	2	43	3	41	6	36	1	1	2	72
10	1	2	6	70	7	75	5	2	3	45	9	38	8	5	2	75	4	63	5	59	7	80	8	81	2	5	0	37	1	28	3	38	5	37	9	38	6	2	3	36	4	27	3	5	2	78	4	66	5	60	7	76	9	58	4	3	0	78	4	76	5	77	9	5	1	86	2	64	3	80	5	55	7	76	7	2	2	32	8	32	0	3	0	76	1	101	5	75
10	1	4	1	29	2	28	3	31	9	23	5	2	2	38	6	34	4	1	1	42	7	2	6	54	9	73	2	1	3	34	8	5	1	77	2	96	4	60	5	65	7	58	9	5	1	52	2	51	3	43	5	51	7	54	3	1	9	94	6	3	0	49	2	50	3	40	0	1	4	58
10	0	5	1	20	2	15	4	16	5	21	7	14	2	4	3	74	4	89	5	110	9	90	4	2	0	23	4	28	6	3	2	102	6	110	8	108	8	2	2	103	9	75	5	4	0	35	2	40	3	39	9	36	7	1	8	31	1	4	4	77	5	101	6	101	8	69	9	2	1	73	4	75	3	5	2	55	4	66	5	49	6	68	8	44
10	5	3	1	64	2	66	8	74	2	1	9	106	1	5	3	47	5	40	6	39	7	36	9	39	4	2	5	75	7	89	0	2	4	94	6	115	3	4	0	71	3	99	6	114	9	101	7	4	0	66	2	70	4	88	8	102	6	1	4	28	9	5	2	90	3	76	4	89	5	78	8	61	8	5	3	36	4	51	5	37	6	49	8	56
10	2	1	1	85	8	4	0	44	5	53	6	54	7	50	4	2	6	47	9	49	6	4	0	53	1	63	8	53	9	47	5	3	0	7	1	10	8	8	9	4	1	79	2	53	4	70	8	58	1	4	0	61	4	60	6	93	7	87	3	4	0	52	1	45	2	40	4	65	7	4	2	66	3	71	4	45	9	65	0	1	4	26
10	3	4	0	89	2	112	5	93	9	110	7	3	5	92	7	84	9	82	5	4	0	96	2	82	4	67	5	96	0	5	1	90	2	74	3	88	7	78	8	87	2	2	8	7	9	7	9	2	3	101	5	93	1	5	1	73	2	70	4	84	5	51	9	54	4	4	3	50	4	49	5	48	8	49	8	4	1	83	2	81	5	86	7	79	6	1	2	58
