10	10	10
10	0	1	4	66	1	1	6	62	2	5	3	25	4	27	5	41	7	33	9	24	3	5	0	98	3	92	4	83	6	80	7	77	4	2	5	84	9	75	5	5	0	18	2	14	3	19	4	15	6	13	6	4	0	72	3	85	5	97	9	72	7	1	1	7	8	2	6	85	7	111	9	5	0	60	2	94	3	71	7	57	9	86
10	0	3	0	18	3	16	9	19	3	5	2	92	3	80	4	108	5	95	6	101	4	2	4	46	9	39	8	4	2	59	3	47	4	54	6	53	9	2	0	59	3	65	6	3	2	33	4	25	9	26	7	5	0	21	1	16	6	22	8	15	9	13	5	4	1	81	2	107	6	77	7	71	2	5	2	92	3	79	4	69	5	79	8	81	1	2	0	82	5	83
10	0	2	2	46	3	45	7	5	1	11	2	8	5	8	7	10	9	9	3	4	0	16	2	15	6	17	7	14	2	4	1	64	6	65	7	44	9	59	6	1	8	14	4	1	5	81	1	2	3	12	7	10	5	1	4	48	8	5	0	20	1	26	2	26	5	22	6	27	9	3	0	64	1	51	6	68
10	0	1	8	61	1	3	0	24	3	30	8	27	3	4	0	20	1	15	5	16	7	19	8	4	2	38	5	50	7	41	9	41	5	2	4	48	9	48	2	5	0	37	1	27	3	40	8	41	9	37	4	5	1	68	2	66	4	51	8	56	9	72	7	5	0	23	3	19	4	24	7	19	8	25	6	4	1	61	2	40	4	37	5	37	9	1	0	27
10	0	5	3	61	4	50	5	52	7	51	8	48	6	3	0	4	2	6	7	6	1	3	0	32	4	34	8	27	3	4	3	111	4	98	6	117	7	112	5	4	3	106	4	75	6	76	8	76	2	5	0	116	2	78	3	117	4	108	8	86	9	3	1	16	4	12	5	13	7	3	0	73	6	62	7	54	8	1	2	66	4	4	0	25	2	27	7	20	9	26
10	4	1	6	46	0	5	0	19	3	17	4	26	6	20	7	21	6	3	4	81	7	52	9	78	8	3	0	15	2	14	7	20	2	3	2	57	3	57	4	66	3	2	0	24	8	25	9	3	0	76	5	84	8	75	7	3	1	78	5	99	9	85	5	2	2	94	6	76	1	5	0	74	2	107	3	76	4	71	8	71
10	4	4	2	60	4	85	6	94	7	78	3	2	2	70	6	60	0	2	2	93	6	94	9	1	1	97	2	1	3	69	1	4	2	62	3	45	8	56	9	46	8	4	3	70	5	103	7	103	9	97	7	4	1	17	4	12	5	16	8	15	6	3	0	28	1	32	6	21	5	1	2	52
10	4	5	0	95	2	91	3	83	5	114	7	91	6	1	7	31	9	4	2	63	3	48	4	42	8	45	3	5	0	67	2	95	5	67	6	70	9	101	8	2	2	83	5	107	2	1	1	47	7	1	2	30	5	4	0	60	1	42	8	45	9	51	0	5	1	25	2	22	5	17	7	25	9	25	1	5	0	42	2	57	3	35	4	51	6	47
10	2	1	1	30	6	4	0	10	1	9	2	9	5	10	8	4	4	64	5	67	6	71	8	79	7	3	0	101	3	74	7	75	4	2	6	72	8	49	9	1	4	92	3	5	0	8	3	8	5	11	6	10	9	10	1	1	3	6	5	1	7	56	0	5	0	33	1	27	5	34	6	39	8	24
10	2	4	0	20	3	17	7	25	8	26	9	5	0	62	5	70	6	59	8	61	9	93	5	2	2	91	9	74	8	4	2	15	4	9	8	14	9	10	6	1	3	80	3	3	1	12	2	12	3	9	7	4	0	75	2	63	4	87	8	60	4	3	4	107	5	100	9	83	1	3	7	61	8	74	9	67	0	1	3	15
