15	15	15
15	5	2	4	15	14	17	6	2	8	57	9	71	11	3	2	67	10	87	11	74	9	3	3	10	4	11	8	12	2	4	0	81	5	99	11	77	12	66	14	4	0	70	5	85	8	95	11	77	3	5	2	84	3	86	4	93	7	92	8	89	10	2	4	33	5	38	12	5	2	59	4	47	8	59	10	48	12	62	13	4	1	93	2	83	9	62	12	75	1	1	5	69	7	1	9	53	8	1	10	54	4	3	6	24	11	25	13	29	0	3	5	66	10	55	11	77
15	1	5	0	78	1	73	7	70	8	74	13	69	3	3	2	69	5	85	14	64	7	5	0	33	1	40	4	47	11	34	12	30	2	2	5	48	8	62	14	3	6	53	10	61	14	56	0	5	1	12	8	13	9	13	10	17	14	17	9	2	9	55	11	67	8	3	2	63	3	89	4	99	6	2	4	81	5	62	5	5	3	45	5	58	7	35	9	49	12	44	13	5	0	24	1	25	4	29	6	21	7	24	4	5	2	80	3	96	5	82	8	104	11	82	10	2	6	78	12	61	12	5	0	23	3	22	7	32	12	31	13	28	11	1	3	37
15	6	1	1	87	8	5	1	84	3	100	5	76	11	112	14	92	0	4	1	73	6	63	8	48	12	54	9	2	4	36	10	47	10	5	2	69	4	67	10	61	13	69	14	66	12	1	0	94	2	3	10	14	12	14	13	20	11	5	0	63	2	55	6	70	7	76	14	67	13	4	3	96	6	111	11	110	14	78	3	4	0	11	3	11	8	11	12	10	5	5	0	73	4	71	6	61	7	55	13	66	1	2	3	10	4	12	4	3	4	92	5	81	7	76	14	2	5	55	6	49	7	4	0	62	6	56	12	78	13	77
15	10	1	2	17	12	1	12	51	3	5	0	40	7	25	11	29	13	35	14	35	4	5	5	69	7	80	12	71	13	57	14	78	2	4	2	32	8	33	11	44	14	49	0	5	6	45	7	58	9	50	11	53	12	56	8	4	3	43	6	39	10	46	13	32	7	5	0	65	1	53	6	75	11	67	13	56	13	2	0	85	5	87	9	2	0	60	14	51	11	2	10	15	13	20	6	5	1	77	4	104	9	89	13	90	14	99	1	1	14	104	14	3	1	116	4	99	8	106	5	2	7	92	10	65
15	9	5	1	76	2	119	4	88	6	122	10	104	8	2	0	60	9	52	3	2	6	65	12	73	6	5	3	9	4	10	7	7	13	8	14	11	0	1	7	54	7	1	10	7	1	1	5	89	4	3	0	15	1	15	12	12	13	5	1	47	2	33	7	35	13	51	14	36	5	1	0	31	11	2	11	96	13	88	10	4	0	27	1	35	9	44	12	41	2	1	3	83	14	1	12	98	12	2	4	20	14	12
15	11	3	0	56	2	61	6	81	7	4	4	46	11	43	13	65	14	47	5	5	2	81	6	98	7	103	11	71	14	69	6	1	5	42	0	1	4	12	3	2	1	16	10	15	13	2	1	81	7	75	4	5	3	87	8	84	10	94	11	112	12	113	2	3	3	44	7	50	9	42	10	1	5	96	12	5	2	79	5	118	6	81	10	96	12	81	8	3	1	14	6	12	9	12	14	2	7	47	8	39	1	5	0	70	2	78	8	83	9	90	10	61	9	1	0	85
15	4	3	2	92	4	58	12	96	2	5	5	56	6	56	9	49	12	45	13	49	9	4	5	34	6	39	7	46	8	40	5	2	0	55	8	56	14	5	1	72	7	71	8	88	9	91	12	108	13	2	5	41	10	40	10	1	3	12	12	2	4	54	6	61	0	3	0	20	2	20	10	16	3	2	4	98	13	93	7	1	5	75	8	1	8	10	6	4	4	37	7	31	10	34	11	29	1	3	1	26	5	32	6	34	11	3	0	52	4	62	6	57
15	6	1	6	37	5	2	5	45	14	48	11	3	0	91	12	80	13	72	9	2	2	61	13	78	14	2	0	39	8	39	10	4	3	27	7	31	11	27	12	33	7	2	1	74	12	61	13	2	1	59	10	40	1	4	3	95	4	94	7	64	10	68	4	2	8	52	9	44	2	1	5	79	3	4	1	63	2	69	4	64	11	88	12	3	4	4	7	7	12	7	0	3	2	80	4	51	14	81	8	3	0	94	2	64	14	94
15	11	5	1	16	4	23	6	18	7	24	13	23	5	4	5	44	6	37	10	48	13	45	9	3	2	109	7	79	9	93	2	4	4	25	6	25	13	33	14	23	0	1	5	42	6	2	0	96	5	74	12	2	1	62	7	69	13	4	0	71	5	68	12	85	14	80	10	2	5	24	11	18	1	4	0	31	5	34	8	33	10	28	7	4	4	48	7	64	10	59	11	58	4	4	2	95	9	104	11	73	14	74	3	2	7	52	14	35	14	2	1	83	3	84	8	4	1	24	4	30	6	24	13	20
15	11	4	2	51	3	37	4	51	9	40	1	1	13	83	3	5	3	90	4	98	8	115	10	110	11	96	13	1	13	54	9	2	4	27	11	33	14	1	8	63	0	5	1	67	7	85	11	105	13	94	14	65	10	4	2	8	4	8	5	7	13	6	7	5	3	34	5	54	7	48	9	56	14	48	4	5	9	63	10	60	11	64	13	79	14	84	5	2	12	31	14	46	6	4	1	78	6	88	9	78	14	86	12	3	2	65	5	61	10	72	8	4	0	73	5	78	10	60	11	76	2	1	7	44
15	4	4	2	92	6	88	10	91	12	91	12	5	1	88	5	70	6	89	7	69	12	85	1	3	2	58	5	64	6	52	7	4	2	101	5	74	7	92	11	86	5	1	4	70	0	5	2	11	3	8	7	7	8	6	9	10	11	1	1	107	3	1	11	3	2	1	7	41	13	5	3	101	7	104	10	68	13	88	14	75	6	1	2	76	10	4	1	67	7	72	11	80	14	66	9	5	2	78	3	93	4	106	6	73	12	108	14	3	6	41	8	42	13	42	8	2	2	82	6	87
15	12	5	1	76	3	68	7	94	9	91	13	91	1	2	5	20	11	17	10	1	6	10	5	4	3	80	4	76	7	91	9	84	8	5	3	54	4	71	5	85	9	77	12	54	6	2	2	55	7	51	2	3	0	38	6	23	11	29	13	5	6	38	7	30	9	36	13	29	14	30	4	1	2	44	11	4	0	17	6	24	10	25	14	18	0	3	1	17	6	18	13	11	14	4	2	73	6	100	11	86	12	88	3	5	0	49	1	66	2	65	10	68	14	51	9	1	12	87	7	4	0	41	4	37	9	60	12	53
15	2	4	0	14	9	17	11	12	12	17	7	2	5	75	7	55	5	4	7	60	9	89	11	75	14	81	9	3	6	42	13	28	14	41	1	3	5	82	7	100	12	71	14	1	2	48	3	4	1	5	3	5	8	7	12	7	10	5	1	52	3	74	8	71	9	52	12	61	13	4	5	68	8	77	9	85	14	76	12	3	0	90	1	85	4	113	0	1	6	68	6	2	8	89	13	60	8	1	13	57	4	5	0	10	1	8	2	11	3	13	12	8	11	5	3	90	7	86	8	100	9	103	10	81
15	11	5	4	97	8	93	12	87	13	115	14	75	6	3	7	48	9	59	12	61	1	3	2	60	7	55	9	71	12	4	1	86	3	80	6	57	14	57	9	2	3	74	9	105	5	4	3	19	6	23	7	22	12	21	3	5	5	16	6	17	8	11	11	18	13	15	13	4	4	74	7	78	10	90	12	60	10	3	2	67	3	48	11	54	0	5	2	14	6	13	10	10	11	13	13	12	2	1	2	76	8	5	6	59	10	54	11	71	12	76	13	72	14	4	3	6	9	5	13	5	14	5	7	3	1	32	4	25	14	21	4	2	4	41	6	41
15	13	4	0	63	3	77	4	68	5	76	3	1	14	28	4	1	14	20	9	1	10	30	11	1	1	7	10	4	8	37	10	30	13	38	14	45	0	5	0	89	2	77	5	89	8	118	10	115	8	4	0	49	2	55	9	57	10	54	2	5	0	98	3	75	8	76	11	79	12	80	6	2	1	104	13	69	5	3	5	7	6	5	13	5	1	2	2	60	5	62	7	2	4	49	8	70	12	5	4	32	7	43	8	29	9	33	10	31	14	2	1	14	10	13
