20	5	5
5	0	1	1	5	2	1	1	30	1	2	2	83	3	65	3	1	2	37	4	2	3	23	4	22
5	2	2	0	36	4	31	3	1	3	40	0	1	1	67	4	2	0	68	2	72	1	1	4	11
5	1	2	1	35	2	57	4	1	2	59	2	1	1	84	3	1	1	62	0	2	2	91	4	58
5	2	2	2	26	4	21	4	2	0	53	1	55	0	2	1	57	3	79	3	2	1	25	4	29	1	2	0	13	4	18
5	2	2	0	95	2	93	0	1	2	41	1	1	1	55	3	2	2	21	3	23	4	2	1	33	4	29
5	0	2	3	91	4	111	4	2	2	22	3	28	1	1	1	100	3	2	3	23	4	25	2	2	0	71	2	97
5	4	2	0	67	1	62	3	2	2	38	4	32	1	2	3	77	4	62	2	2	2	25	4	35	0	1	0	7
5	0	2	0	89	4	77	2	1	1	63	1	2	0	75	2	71	4	2	0	32	2	45	3	2	1	98	2	102
5	4	2	0	61	3	51	0	2	1	78	2	110	3	2	3	44	4	54	2	1	4	60	1	2	1	12	3	19
5	1	1	3	40	0	2	1	73	2	83	4	1	4	54	2	1	3	7	3	1	3	82
5	0	1	0	52	1	1	3	36	2	2	1	8	2	9	4	2	2	94	3	96	3	2	2	62	4	44
5	2	2	0	45	1	27	0	1	2	57	3	1	4	103	1	1	4	10	4	2	1	9	4	11
5	0	1	2	22	2	2	3	66	4	75	1	2	2	89	3	99	3	1	3	94	4	2	0	71	1	104
5	0	1	4	81	3	1	3	76	2	1	3	20	1	2	1	102	4	85	4	1	3	81
5	1	1	1	118	0	1	3	73	4	2	0	54	2	44	3	2	1	76	4	92	2	2	1	50	3	40
5	1	1	2	90	2	2	1	114	2	112	4	1	2	33	0	1	3	49	3	1	0	41
5	1	1	4	6	4	1	4	27	2	2	3	13	4	14	0	2	0	78	1	74	3	2	1	57	3	68
5	3	1	2	36	0	2	2	75	3	106	2	1	0	55	4	1	0	50	1	1	0	29
5	0	1	3	25	1	2	0	96	1	83	2	2	1	76	3	72	3	2	1	60	2	83	4	2	2	27	3	24
5	1	1	0	94	2	1	4	37	4	1	1	85	0	1	1	93	3	1	1	52
