20	5	5
5	1	1	2	26	0	2	0	77	1	100	4	1	0	88	2	2	1	43	3	35	3	1	1	35
5	3	2	1	47	3	54	4	1	0	46	1	2	0	26	4	21	0	2	3	18	4	17	2	2	1	16	2	15
5	4	1	0	20	3	1	2	45	1	2	0	46	1	47	2	2	1	43	2	39	0	1	2	50
5	1	1	1	58	3	1	4	54	4	1	4	46	2	1	3	72	0	1	0	40
5	3	1	4	82	1	1	0	75	2	2	2	36	3	29	0	2	1	101	3	75	4	1	4	62
5	1	2	1	93	4	106	2	2	0	91	4	79	3	2	1	9	3	9	0	1	4	79	4	2	2	83	3	60
5	1	1	4	69	0	2	1	106	2	95	3	2	2	40	4	40	4	2	0	22	2	15	2	1	1	17
5	3	1	3	7	4	1	0	25	2	2	1	42	4	51	0	1	1	24	1	2	1	81	2	88
5	0	1	4	7	2	1	3	62	1	2	0	48	2	32	4	2	1	65	4	52	3	2	0	64	3	41
5	0	2	0	19	2	16	4	1	0	50	3	2	1	6	3	8	2	2	1	8	2	10	1	2	3	75	4	70
5	0	1	4	47	2	2	2	80	4	78	3	2	3	109	4	91	4	2	1	48	4	44	1	2	0	5	3	4
5	1	1	1	45	3	2	0	53	2	47	4	1	3	16	2	2	3	86	4	105	0	1	0	77
5	1	1	0	96	0	1	2	20	3	2	2	74	4	71	4	1	2	5	2	1	2	92
5	2	1	2	37	4	1	4	18	0	1	3	88	3	1	1	20	1	2	1	33	2	41
5	1	2	1	13	3	18	3	2	0	59	2	65	4	1	2	7	0	2	0	11	2	9	2	2	3	19	4	22
5	3	1	1	31	2	2	1	45	2	48	0	1	3	87	4	2	3	17	4	22	1	1	0	55
5	2	1	1	65	1	1	0	39	0	2	1	64	4	60	3	1	0	87	4	2	1	33	4	34
5	1	1	0	34	3	1	2	19	0	1	2	21	4	2	2	4	4	5	2	2	3	7	4	12
5	2	2	1	64	2	67	4	1	4	52	0	1	2	84	1	1	1	106	3	1	0	105
5	2	1	3	20	4	1	4	17	3	1	4	18	1	1	0	42	0	2	0	10	4	9
