20	10	10
10	2	4	0	23	2	16	5	18	7	19	0	4	1	25	3	33	4	35	8	22	1	3	1	61	6	60	7	76	4	5	1	41	3	57	4	50	6	47	7	42	3	5	0	24	1	23	2	30	5	20	7	25	8	4	1	32	5	30	6	27	8	37	7	2	7	79	9	55	5	5	0	37	2	33	3	34	4	27	5	31	9	4	1	61	4	63	5	64	6	54	6	1	4	33
10	2	5	0	65	1	47	4	59	6	65	7	67	1	1	9	8	4	4	4	58	6	53	7	71	9	65	3	5	0	20	2	15	4	20	8	19	9	13	0	5	0	51	2	51	3	58	5	77	7	57	9	5	2	112	4	92	7	102	8	94	9	72	8	4	0	23	1	19	2	23	8	24	7	4	0	83	1	63	3	86	7	94	6	4	1	52	2	55	6	59	8	54	5	5	0	39	5	58	6	44	7	45	8	60
10	2	2	7	23	8	17	4	5	0	19	1	18	4	14	7	12	9	20	1	3	0	73	1	63	4	70	3	3	4	48	6	61	9	52	0	2	5	9	7	15	7	4	1	33	2	36	3	43	6	32	9	4	0	82	1	83	2	63	9	56	8	4	0	48	1	48	2	32	5	34	6	4	2	18	4	31	5	30	7	18	5	4	3	39	4	50	6	37	9	32
10	0	3	1	31	2	43	9	39	2	5	1	61	2	71	5	59	6	69	9	54	3	5	3	31	5	26	7	27	8	21	9	26	4	4	1	115	2	118	4	93	9	81	1	3	2	18	3	20	8	15	5	5	1	60	2	58	7	54	8	50	9	55	8	3	0	113	5	120	8	90	6	4	1	38	3	36	6	38	7	37	7	1	2	29	9	2	3	46	9	41
10	3	4	1	1	2	1	4	1	8	0	1	1	0	101	4	5	0	70	5	54	6	61	8	63	9	55	0	5	1	83	2	113	5	71	7	72	9	90	2	3	0	86	4	73	6	73	5	5	0	98	1	106	2	68	3	95	6	82	7	2	7	43	8	31	9	3	0	21	1	22	3	24	8	5	2	56	3	59	5	55	7	60	9	44	6	3	5	64	6	48	7	61
10	4	2	3	84	9	114	1	4	0	58	2	46	6	64	8	52	2	3	2	3	5	3	8	4	3	4	2	41	3	45	7	48	8	46	0	1	6	67	8	1	1	115	7	1	6	80	5	4	0	82	3	96	6	82	7	90	6	4	2	78	3	60	7	84	8	65	9	1	9	45
10	4	2	3	79	5	73	1	2	3	103	7	88	2	2	1	14	7	14	0	2	0	58	6	51	3	1	2	60	8	4	2	75	4	66	7	99	8	78	7	1	4	5	6	4	2	78	4	63	8	79	9	98	9	1	4	60	5	2	0	76	3	54
10	3	1	5	70	1	1	8	29	4	4	1	76	2	67	7	61	9	78	0	2	6	29	7	34	2	2	2	49	7	55	8	1	5	49	5	5	1	32	2	25	7	23	8	36	9	27	7	5	4	71	5	77	6	75	7	78	9	90	9	4	0	13	4	17	6	15	7	18	6	5	2	37	4	30	5	37	7	40	9	41
10	4	1	1	9	1	2	1	61	4	57	2	5	1	28	2	35	3	36	4	31	8	28	0	5	1	13	2	10	5	12	6	15	7	15	3	3	1	29	4	32	8	29	9	1	0	87	6	5	0	77	3	77	5	83	6	90	9	71	5	3	2	23	5	32	9	24	7	4	0	91	1	96	4	72	7	70	8	1	1	23
10	2	4	2	13	5	10	6	14	7	10	0	5	1	62	3	51	6	49	7	48	8	45	1	5	0	110	1	104	3	85	4	102	8	99	4	1	5	36	3	3	3	11	6	16	9	10	6	3	1	16	4	15	7	12	5	4	3	34	4	39	6	38	7	52	7	5	0	36	3	43	4	53	5	39	6	45	8	5	1	51	2	54	3	69	4	58	9	65	9	2	0	107	2	102
10	4	2	1	76	8	72	3	4	0	6	4	10	5	7	9	7	2	4	0	77	1	81	2	66	8	62	1	3	7	46	8	43	9	49	0	2	1	14	9	10	5	5	0	8	1	7	2	12	4	9	5	8	7	4	1	46	4	46	5	65	8	48	6	3	1	5	2	4	5	7	8	3	0	76	2	52	4	74	9	1	8	20
10	4	2	0	85	8	104	1	4	0	42	1	47	5	55	6	46	2	4	2	35	4	34	6	30	7	35	3	2	0	78	8	86	0	1	9	7	8	1	7	48	5	5	1	97	2	88	4	107	5	112	9	118	7	4	2	66	3	79	6	72	9	66	6	1	8	17	9	5	3	63	4	81	5	53	6	66	7	49
10	1	2	5	83	6	78	3	5	0	84	3	73	4	71	5	53	9	54	2	1	8	4	4	5	2	56	4	38	6	59	7	45	9	36	0	5	1	61	4	70	5	60	8	51	9	54	9	1	4	27	7	4	1	7	4	8	6	7	8	7	5	1	8	49	8	1	8	29	6	2	1	26	2	21
10	2	2	1	26	7	26	0	5	1	59	4	68	7	68	8	54	9	83	1	2	0	90	3	75	4	2	1	84	8	57	3	3	1	79	4	71	7	48	6	3	3	7	6	5	9	7	8	2	1	77	3	81	7	2	2	52	9	82	9	1	5	54	5	3	1	66	4	62	7	70
10	1	1	3	26	4	4	0	19	3	20	6	24	9	26	2	2	1	75	2	74	0	5	0	24	2	31	4	31	6	27	7	32	3	5	0	52	2	53	5	39	7	50	9	50	9	3	1	60	5	58	6	62	8	5	1	19	3	28	4	19	5	29	7	26	6	5	1	54	3	42	5	34	6	51	8	53	5	2	4	71	9	91	7	5	0	116	1	83	4	110	6	96	9	95
10	2	3	0	23	5	15	6	17	3	1	3	13	1	2	0	89	6	79	4	2	2	67	4	72	0	1	5	28	5	5	0	78	1	72	6	82	7	73	9	57	9	1	3	107	6	2	0	85	9	82	7	4	0	16	2	12	7	11	8	12	8	4	0	36	4	41	5	34	7	27
10	4	4	0	1	2	2	3	1	4	2	0	5	0	26	2	19	3	25	4	26	6	22	3	5	0	62	4	69	6	86	7	84	8	66	1	5	2	14	5	14	6	17	7	20	8	15	2	4	1	67	2	75	6	59	7	64	6	3	0	71	1	72	8	58	8	5	1	6	2	10	3	7	5	10	6	8	9	3	0	58	3	74	8	64	7	1	1	46	5	2	0	5	6	6
10	1	3	0	76	4	64	8	52	3	5	0	47	2	46	5	57	6	58	9	47	2	4	0	3	5	4	7	4	8	5	4	5	1	2	2	1	3	1	7	1	8	2	0	1	4	46	9	5	0	109	1	118	3	107	5	111	7	107	5	5	4	20	6	32	7	32	8	21	9	33	6	5	0	72	3	69	4	56	6	59	9	52	8	4	2	36	3	52	5	47	7	53	7	5	0	73	2	92	3	70	6	75	8	97
10	0	4	1	54	4	54	5	44	7	36	4	4	1	35	2	46	5	52	9	50	3	1	4	97	2	1	3	62	1	2	1	25	4	24	6	1	6	59	7	4	0	68	1	55	4	57	8	55	9	5	2	97	3	90	5	108	6	80	8	72	5	3	2	41	4	33	7	45	8	3	3	3	5	5	6	4
10	2	3	4	40	7	31	9	45	0	4	0	60	1	58	6	64	9	66	4	1	0	57	3	1	2	66	1	1	7	68	9	2	0	7	2	8	6	1	3	58	8	1	9	10	5	4	0	13	2	14	7	11	8	12	7	4	0	18	2	20	4	20	7	17
