10	5	5
5	1	1	3	23	0	2	1	41	4	55	4	2	1	74	4	82	3	2	0	44	4	59	2	1	1	33
5	0	2	2	17	3	23	3	1	2	51	4	1	2	14	2	2	2	25	3	28	1	2	0	59	1	55
5	3	1	1	44	4	1	2	102	1	1	1	49	2	1	0	30	0	1	0	12
5	1	1	0	72	0	2	0	68	1	57	4	1	3	90	2	2	2	66	4	75	3	1	1	88
5	0	1	2	73	3	1	4	32	2	1	4	52	1	2	0	16	4	15	4	2	3	30	4	27
5	1	2	0	63	4	48	2	1	4	52	4	1	1	89	0	2	2	115	4	95	3	1	2	71
5	3	1	0	61	4	2	3	65	4	91	1	1	4	65	2	2	0	105	3	65	0	2	3	108	4	99
5	2	2	2	30	4	30	0	2	3	52	4	58	1	1	3	41	3	1	2	27	4	2	3	87	4	74
5	3	2	0	18	1	19	1	2	2	55	4	50	4	1	2	26	0	2	2	36	3	39	2	1	1	121
5	4	1	3	93	3	2	0	87	3	81	2	1	3	52	1	1	4	73	0	1	2	111
