50	10	10
10	4	5	0	73	1	78	5	77	6	75	7	70	0	5	1	30	5	42	6	27	8	27	9	46	3	1	6	71	1	2	4	0	6	1	2	3	1	55	5	75	9	71	9	3	0	31	6	30	9	41	5	5	0	68	2	71	3	59	5	58	8	63	8	2	4	41	9	37	7	3	0	89	4	81	8	61	6	1	9	97
10	1	4	1	13	2	11	4	11	8	11	0	5	1	7	3	8	7	5	8	6	9	8	3	5	1	65	3	64	4	70	7	74	8	73	4	5	1	35	3	50	5	50	6	52	7	35	2	4	0	63	1	58	7	53	9	45	6	3	0	32	4	23	8	25	9	2	0	69	4	86	7	3	0	84	1	62	3	100	8	3	1	12	2	11	3	11	5	3	2	28	6	28	9	36
10	4	4	0	96	5	67	6	90	9	107	3	4	0	24	4	26	6	29	8	28	1	1	5	0	2	5	0	0	2	0	4	1	5	0	7	1	0	5	4	15	5	14	7	17	8	11	9	15	8	4	0	34	2	36	3	37	6	29	5	1	9	13	9	5	0	23	2	20	5	17	7	20	9	20	7	1	5	46	6	2	4	121	7	108
10	1	5	2	53	4	48	5	50	6	46	9	49	0	1	6	22	4	1	6	75	2	3	2	40	6	28	8	41	3	5	0	20	6	15	7	18	8	20	9	24	9	4	1	4	3	4	6	5	8	3	8	1	9	18	7	4	0	77	5	61	8	54	9	54	5	3	2	62	6	60	8	66	6	5	1	47	3	36	5	31	6	40	9	43
10	4	1	5	45	0	2	0	44	1	45	2	1	1	100	3	3	0	48	2	42	4	56	1	3	3	77	5	54	6	53	9	1	2	68	7	5	1	78	2	79	4	67	5	52	9	71	8	5	0	84	1	90	3	68	5	55	7	63	6	4	1	69	3	65	4	100	5	100	5	3	4	55	7	55	9	39
10	4	4	1	15	2	9	4	16	8	9	1	3	0	43	2	54	3	47	3	5	0	39	3	42	4	47	7	53	9	35	2	4	1	73	6	71	8	72	9	70	0	1	8	63	6	2	3	6	5	4	9	5	0	87	1	90	2	117	6	70	7	93	5	3	4	98	5	73	6	95	7	3	2	29	4	25	5	29	8	5	2	68	3	90	4	94	5	63	9	78
10	1	5	1	0	5	0	6	1	8	1	9	0	2	1	1	89	4	4	0	36	1	42	2	37	9	37	3	5	0	98	1	72	3	100	4	72	6	65	0	5	0	79	1	77	2	64	5	52	8	75	8	1	3	40	5	2	0	14	4	12	7	4	2	82	6	65	7	67	9	80	6	1	5	12	9	5	2	46	3	55	5	54	7	71	8	50
10	2	4	0	14	2	22	7	18	9	16	4	1	7	70	3	5	1	16	2	15	3	16	6	14	9	11	0	4	1	72	5	53	7	68	9	55	1	5	2	32	3	41	4	24	5	24	6	34	7	3	4	72	5	90	9	74	5	1	0	53	6	2	5	106	8	84	8	4	0	29	1	40	6	36	7	34	9	5	2	2	4	3	5	2	8	3	9	2
10	4	1	0	15	2	1	7	18	0	3	2	67	6	92	8	71	3	1	3	19	1	4	2	24	3	26	7	22	8	25	7	1	3	19	9	3	0	37	3	39	8	43	8	5	3	18	4	12	7	20	8	12	9	17	6	1	5	18	5	1	5	41
10	3	2	2	1	3	1	1	3	6	5	7	7	8	7	0	2	8	23	9	26	2	3	4	87	6	64	7	58	4	5	0	48	3	41	6	40	7	30	8	46	6	2	5	24	6	29	7	3	2	94	3	57	5	69	5	1	6	29	8	1	7	110	9	4	1	18	2	22	4	20	5	24
10	1	1	4	53	3	1	8	27	4	1	8	56	0	4	1	13	3	12	4	14	8	15	2	4	0	61	1	75	3	52	8	56	5	3	0	82	2	72	9	60	9	1	5	24	8	1	1	72	7	2	7	21	9	18	6	5	0	23	1	19	5	23	7	20	9	23
10	1	1	1	55	2	4	0	67	3	65	6	66	7	44	3	5	0	25	1	21	4	17	5	21	9	25	0	2	3	23	8	15	4	4	0	26	1	27	3	23	5	24	9	4	1	33	3	45	8	41	9	44	5	2	0	74	2	117	7	5	1	61	3	52	5	68	6	74	7	60	6	5	1	73	3	97	4	111	7	102	8	113	8	4	0	62	1	64	2	56	8	82
10	2	2	5	90	8	87	4	4	2	83	3	75	4	77	9	59	3	2	4	111	6	97	0	5	0	76	1	90	2	83	8	81	9	78	1	2	1	7	4	8	6	1	0	41	8	4	4	25	6	32	8	38	9	35	7	4	1	73	2	87	6	68	7	61	5	1	9	57	9	3	1	41	5	60	8	46
10	2	4	0	14	1	14	2	13	8	12	1	4	2	3	3	2	4	2	8	3	4	1	7	32	0	2	3	63	8	78	3	3	1	23	3	37	4	32	5	4	1	117	5	80	7	88	8	92	8	5	0	59	1	75	3	69	7	81	9	58	7	4	1	32	2	32	3	30	9	30	6	4	2	72	4	85	6	69	9	80	9	2	0	16	7	12
10	4	3	1	74	5	65	8	56	1	3	5	34	7	33	8	34	3	1	2	99	0	1	3	86	2	2	2	53	3	47	8	4	1	1	3	2	5	2	7	1	9	4	2	24	4	16	6	26	9	16	7	1	4	97	6	5	1	39	2	45	4	48	5	53	9	39	5	3	1	41	4	33	7	45
10	0	2	5	87	8	92	1	3	1	61	3	81	7	80	4	4	2	35	4	35	6	39	9	29	3	5	0	84	1	83	2	80	4	79	8	73	2	2	3	21	9	17	8	4	1	91	2	92	3	110	8	67	5	1	9	44	9	4	1	81	2	78	6	86	9	109	7	2	2	43	3	50	6	1	7	18
10	3	2	5	23	7	19	1	4	2	93	3	110	5	89	6	111	4	3	1	69	3	60	9	54	0	1	7	83	2	2	4	17	7	26	5	2	1	8	9	7	8	2	3	42	6	28	7	1	2	24	9	3	1	87	2	66	4	81	6	4	1	84	4	78	7	73	9	60
10	0	5	0	44	1	41	2	33	5	30	7	36	2	3	1	18	2	21	4	21	1	2	5	109	9	105	4	5	4	36	5	27	6	37	8	30	9	37	3	2	0	57	1	72	5	4	0	46	4	39	5	44	9	49	8	5	0	6	4	5	6	5	7	6	9	8	7	2	5	50	7	41	6	1	4	14	9	1	4	67
10	4	4	1	94	4	77	6	75	7	78	3	1	6	65	0	3	0	42	1	40	5	37	2	1	0	28	1	4	4	2	5	1	7	2	9	1	6	1	3	6	5	5	0	102	2	83	3	81	5	80	8	85	8	4	0	102	1	94	6	84	8	92	7	2	4	100	5	103	9	3	1	36	5	32	9	32
10	3	4	3	70	4	63	5	94	8	101	0	4	1	93	4	92	5	87	7	65	2	2	4	15	5	25	4	5	2	70	3	88	4	90	7	81	8	85	1	3	2	92	5	81	9	92	6	5	0	16	2	13	6	10	7	11	8	12	5	1	5	19	7	2	6	73	9	62	9	4	4	48	5	59	7	58	8	49	8	4	2	8	3	7	4	10	5	8
10	0	4	3	4	7	4	8	3	9	3	4	3	0	19	2	14	8	12	2	4	1	59	3	58	7	59	9	73	1	1	3	52	3	3	2	86	5	71	7	76	5	2	3	32	4	40	6	4	1	54	3	51	4	40	9	46	7	1	7	72	9	4	2	115	3	87	5	96	7	94	8	5	0	4	1	6	4	4	5	4	9	4
10	3	4	0	32	2	27	4	39	6	37	0	3	2	64	3	83	8	80	1	2	1	3	4	6	4	4	1	72	2	66	3	52	5	64	2	3	3	94	6	73	8	79	7	2	0	12	1	15	5	5	0	62	2	83	5	84	6	79	8	58	9	3	4	50	6	49	9	40	8	3	1	0	2	0	3	1	6	4	0	4	4	5	6	5	9	4
10	0	1	1	2	1	1	9	52	4	2	0	24	1	27	3	4	0	26	1	24	5	18	7	21	2	4	0	53	1	44	3	44	6	62	9	4	1	55	2	46	3	43	7	45	7	4	1	15	2	12	5	11	9	16	8	2	3	16	6	25	6	2	0	86	8	98	5	4	1	23	4	26	6	31	8	20
10	1	3	0	74	4	79	5	85	4	4	4	83	5	78	6	99	9	101	3	5	0	96	1	121	7	121	8	104	9	120	2	3	4	47	8	53	9	69	0	5	0	76	3	92	4	75	6	93	7	84	7	3	1	92	3	90	7	89	6	2	0	53	4	79	9	5	0	34	3	45	5	45	6	44	8	46	8	1	7	45	5	5	0	46	3	50	4	48	6	53	9	38
10	1	5	2	89	3	67	4	63	5	63	6	60	4	4	2	83	6	66	7	73	9	64	3	5	1	82	2	82	4	59	5	60	7	67	2	3	1	21	7	21	9	16	0	5	0	87	1	66	3	66	5	74	7	54	5	5	0	30	3	42	5	36	6	35	8	25	7	3	1	9	2	7	4	9	9	2	0	14	6	13	6	1	6	62	8	4	2	64	3	58	4	58	7	51
10	4	4	2	31	4	32	6	33	7	39	0	5	1	3	2	2	5	2	6	3	7	2	2	5	0	59	2	71	3	72	7	50	8	49	3	2	0	97	6	88	1	3	1	89	8	78	9	60	5	3	0	15	4	17	8	16	9	4	2	43	3	49	4	50	6	53	8	5	0	32	5	30	6	28	7	27	9	19	7	5	0	50	4	43	5	37	6	43	7	49	6	3	4	54	5	38	8	40
10	1	3	5	68	6	65	8	84	4	1	1	64	0	4	0	71	5	46	6	58	9	70	2	5	0	116	1	92	2	86	3	110	5	86	3	4	0	16	2	21	3	19	8	17	6	2	7	47	9	57	7	3	3	91	7	59	9	62	9	1	7	14	5	2	0	69	3	75	8	3	2	44	4	55	9	36
10	2	2	0	54	6	73	1	3	2	79	4	77	7	85	4	2	4	52	5	50	0	4	3	81	6	59	8	79	9	81	3	3	0	18	2	29	3	26	5	5	0	33	2	40	3	39	4	36	6	42	6	2	1	18	6	14	7	2	2	2	8	2	8	1	1	82	9	4	1	41	2	43	5	42	9	44
10	2	5	0	94	4	90	5	71	7	69	9	92	0	4	4	53	5	40	8	43	9	47	3	3	2	3	4	2	7	3	1	5	1	80	2	88	3	101	7	75	8	108	4	5	0	39	1	28	2	42	6	46	9	32	7	3	0	90	5	96	6	125	5	5	0	47	1	68	2	62	5	72	6	47	9	3	3	28	4	26	8	21	6	1	3	19	8	4	4	41	6	28	8	42	9	29
10	3	3	2	95	4	96	7	77	4	5	0	96	1	99	2	83	5	92	7	100	0	2	4	16	9	18	2	2	0	93	2	59	1	2	1	101	2	99	5	2	1	86	2	79	6	3	2	90	5	76	8	103	8	1	8	25	9	2	3	102	6	97	7	5	0	62	1	50	2	47	4	46	6	70
10	4	1	4	70	2	1	6	92	0	5	1	7	3	9	4	6	5	10	9	9	3	2	5	27	9	28	1	2	0	106	9	89	9	3	5	32	7	22	8	26	7	2	4	4	6	5	8	5	0	91	3	82	5	76	8	99	9	82	5	1	1	55	6	3	2	65	3	68	6	51
10	0	4	0	55	1	54	3	52	8	64	3	5	0	3	4	3	5	3	7	3	9	5	4	2	0	60	5	47	2	4	1	1	6	0	7	0	9	1	1	5	1	85	2	84	3	90	4	77	5	97	8	2	2	10	4	9	6	2	6	33	7	50	9	3	1	65	4	91	8	98	5	4	1	12	2	13	5	19	6	20	7	5	0	13	1	14	3	16	4	16	7	15
10	3	5	2	105	3	91	5	104	7	81	8	105	0	2	0	20	4	18	4	4	4	26	6	20	8	25	9	24	1	1	5	48	2	3	2	48	3	55	4	54	8	4	2	19	3	16	5	21	7	18	6	1	0	58	5	5	1	54	3	63	5	60	8	47	9	53	9	2	6	74	9	82	7	2	3	83	4	91
10	0	2	2	46	7	51	1	4	0	103	2	95	5	87	7	85	2	3	4	71	6	80	8	84	4	1	0	73	3	5	1	17	2	21	5	16	8	18	9	14	6	1	1	59	8	1	5	105	9	4	1	104	2	119	3	118	4	117	5	4	0	102	5	80	7	80	8	113	7	1	3	57
10	1	2	4	24	5	35	0	2	5	0	7	1	3	1	8	47	4	2	2	20	9	20	2	5	2	62	3	89	4	56	7	91	9	78	8	3	2	69	3	83	5	88	7	5	1	42	3	43	4	45	6	50	7	33	9	1	6	52	5	4	1	51	4	40	6	51	7	48	6	4	3	80	5	78	6	67	8	57
10	0	2	5	10	6	11	4	3	2	50	3	56	8	48	3	1	7	77	2	2	3	58	8	57	1	5	0	16	1	15	5	20	7	17	9	21	8	1	8	50	7	2	0	86	3	102	9	1	5	57	5	2	2	68	4	64	6	3	0	63	4	86	6	67
10	4	1	9	5	2	2	0	45	2	63	3	1	7	83	1	3	3	15	7	17	9	25	0	1	9	13	7	1	7	34	6	5	2	42	3	32	5	50	6	52	7	37	8	5	1	23	2	21	3	18	6	23	8	31	9	4	1	64	3	55	4	54	5	54	5	3	3	0	4	1	8	0
10	0	4	0	65	1	64	3	64	9	51	4	4	0	72	3	100	7	95	8	81	2	5	0	9	3	9	5	9	7	10	8	11	3	2	2	77	5	64	1	5	1	15	2	16	4	16	7	16	8	19	6	2	2	35	4	24	9	1	0	72	5	1	9	17	7	3	3	37	4	25	9	40	8	1	7	61
10	3	1	5	67	2	1	0	70	0	4	6	51	7	76	8	75	9	52	1	5	1	60	2	80	5	83	8	77	9	69	4	4	0	41	2	42	3	58	8	53	7	2	3	90	8	86	5	3	1	41	3	52	5	43	8	3	3	28	5	32	6	27	9	3	6	11	7	8	9	11	6	5	0	15	5	13	6	13	8	14	9	21
10	3	1	6	84	2	3	0	24	3	21	5	32	0	4	4	10	7	10	8	8	9	9	1	3	0	23	2	17	7	22	4	3	1	40	3	36	5	27	7	3	1	81	7	73	9	91	8	4	0	49	3	55	8	55	9	60	5	2	0	61	4	68	6	1	0	96	9	3	3	84	6	82	9	86
10	2	2	2	4	8	5	4	5	1	79	3	75	5	78	8	67	9	51	0	5	0	76	1	105	2	110	5	80	7	109	3	2	4	75	8	68	1	5	1	19	3	19	6	19	7	18	8	21	8	3	0	96	5	99	8	100	9	5	0	37	2	46	4	47	6	36	7	39	6	1	3	9	5	1	0	17	7	1	6	111
10	4	5	4	32	6	42	7	29	8	37	9	35	1	4	2	6	3	4	4	5	7	4	2	2	3	9	6	13	0	5	0	108	3	95	4	112	6	110	7	85	3	2	0	13	2	14	8	2	6	50	8	74	7	3	1	45	3	58	8	49	5	1	3	86	6	4	3	104	4	92	7	74	9	73	9	3	2	100	4	73	7	97
10	1	1	2	35	2	4	0	73	5	78	8	72	9	70	0	4	3	39	5	37	6	25	8	30	3	3	3	64	6	72	7	72	4	1	3	16	6	1	6	69	5	5	0	68	1	54	3	71	4	50	7	47	8	4	0	10	3	7	6	10	9	8	7	3	0	97	2	72	3	77	9	3	3	62	7	63	8	62
10	3	3	0	48	3	45	6	41	0	2	1	40	6	41	2	2	2	0	5	0	1	3	1	65	3	68	9	90	4	4	1	20	3	18	5	15	9	20	7	1	8	70	9	2	7	39	8	32	6	5	3	72	4	65	5	51	6	57	8	48	5	2	3	31	7	27	8	2	2	53	4	69
10	2	1	6	3	0	3	0	18	6	12	9	15	1	4	1	43	3	39	4	38	6	56	4	2	8	8	9	9	3	4	0	54	3	49	4	49	7	44	7	2	3	57	5	68	6	3	3	22	5	18	7	18	8	5	0	43	1	46	7	46	8	63	9	68	9	5	0	46	2	66	4	47	6	72	7	47	5	2	3	71	5	79
10	3	5	1	24	6	30	7	22	8	33	9	27	4	2	0	26	9	21	1	3	0	101	2	115	6	71	0	5	1	13	2	16	3	17	7	13	8	20	2	1	8	17	9	5	0	29	1	35	6	36	7	31	9	29	6	2	1	52	6	43	5	3	2	50	5	44	6	43	7	5	1	63	2	48	3	72	6	67	9	53	8	1	5	31
10	2	4	0	17	4	15	7	20	8	19	0	4	1	75	2	85	8	75	9	73	4	1	4	101	1	3	2	7	3	7	8	5	3	3	0	55	6	58	9	52	8	3	3	80	7	119	8	121	6	3	0	27	2	39	7	37	9	2	4	10	6	15	5	4	0	62	1	58	3	55	4	61	7	3	3	56	5	57	8	46
10	4	1	8	53	0	1	8	76	1	1	0	88	2	4	1	69	2	72	5	67	9	44	3	2	5	88	6	94	8	4	0	65	5	89	7	92	9	70	5	5	0	24	5	30	6	22	7	28	9	32	7	3	3	67	5	79	6	95	9	3	5	61	7	58	9	59	6	2	0	92	7	75
10	1	5	0	76	1	85	5	80	6	81	7	93	4	4	1	5	4	6	6	5	9	4	0	2	2	53	8	61	3	3	0	55	3	48	6	61	2	5	0	67	3	92	4	77	6	96	7	73	7	3	1	107	4	93	9	109	5	3	0	37	2	50	8	35	6	5	0	34	1	26	3	41	5	25	9	41	8	4	1	40	2	37	4	50	8	59	9	1	2	78
10	1	5	1	96	2	60	5	58	6	82	7	74	0	5	0	107	2	117	3	116	7	82	8	78	4	5	0	88	5	62	7	86	8	68	9	92	3	1	7	4	2	3	0	110	5	114	9	121	9	4	2	60	4	48	6	45	8	52	5	1	1	41	7	5	0	30	1	28	2	32	3	27	5	27	8	5	0	74	1	75	3	58	7	86	8	86	6	5	4	52	5	35	6	35	8	44	9	37
