20	10	10
10	8	1	7	32	1	5	0	98	2	77	3	65	4	71	8	87	4	5	0	44	2	65	5	50	6	45	7	63	7	3	0	35	5	47	9	41	0	4	0	7	6	4	7	7	9	4	5	3	3	23	6	18	9	23	9	1	9	86	3	2	7	45	8	29	2	1	7	37	6	5	1	10	3	6	4	9	5	7	8	9
10	2	3	0	68	5	85	6	86	3	4	0	42	2	56	6	68	7	63	7	2	1	16	2	19	4	3	0	57	4	80	5	73	1	1	4	50	8	3	1	29	3	24	7	28	9	4	0	75	2	56	4	55	7	57	0	2	3	75	6	94	5	2	2	63	3	70	6	2	4	14	8	18
10	7	4	2	100	6	96	7	67	9	82	4	3	5	100	7	96	8	110	3	3	2	27	4	26	9	28	1	4	0	49	2	40	4	48	5	35	2	5	4	71	5	85	6	93	8	82	9	105	8	4	0	34	2	34	5	36	8	32	9	5	1	32	3	34	4	33	5	22	7	32	6	5	0	90	2	87	3	75	7	98	8	102	5	5	0	29	1	36	2	33	5	30	8	43	0	5	5	44	6	48	7	31	8	32	9	41
10	4	5	0	77	2	61	5	91	6	73	7	85	5	4	1	50	6	59	7	70	8	50	0	3	4	8	7	8	8	6	2	4	1	31	6	27	7	29	8	28	6	2	1	64	8	79	3	5	0	43	1	47	4	40	5	32	8	39	1	4	4	76	6	97	7	86	8	78	7	3	3	64	5	45	9	60	9	2	4	41	5	45	8	3	0	117	4	74	7	97
10	6	3	0	50	1	41	7	43	2	2	1	74	2	81	0	4	2	93	4	88	6	100	8	101	7	1	3	7	9	1	1	54	8	2	1	97	3	63	3	5	3	53	4	38	5	46	7	44	9	45	5	1	1	51	1	5	1	16	4	21	6	18	7	16	8	12	4	5	0	100	1	97	4	98	5	97	6	104
10	7	2	4	43	9	36	9	5	0	9	3	11	4	12	7	12	8	11	0	4	0	47	1	46	6	45	7	53	6	4	0	6	2	7	5	9	9	10	4	2	4	50	5	54	8	4	3	105	4	112	5	111	9	113	2	2	6	7	7	8	5	4	1	89	2	75	4	79	9	64	1	1	9	36	3	3	1	62	8	67	9	67
10	6	5	0	93	1	104	2	99	3	95	7	79	8	4	0	95	1	101	3	84	5	100	3	3	0	114	5	105	7	105	0	3	0	30	3	27	7	33	1	1	7	114	4	5	2	61	5	54	7	53	8	69	9	66	5	3	1	80	2	81	8	77	9	2	7	106	9	90	2	4	0	71	1	79	4	60	6	75	7	5	0	31	2	24	3	20	6	30	9	20
10	1	1	2	88	3	3	0	99	2	76	8	102	5	3	0	63	2	64	6	70	4	4	1	61	2	53	4	65	8	53	0	5	2	63	4	71	5	66	6	51	9	48	2	2	3	37	8	41	6	1	8	68	8	2	1	39	7	41	9	5	1	27	5	34	6	31	7	35	8	38	7	4	2	115	6	113	8	98	9	85
10	1	5	0	6	2	5	4	6	5	8	7	8	7	1	2	81	4	5	2	84	3	85	7	98	8	93	9	81	6	5	1	23	2	31	4	28	5	28	6	28	5	2	2	17	8	17	0	4	0	104	5	95	6	102	8	110	8	4	0	37	3	48	4	40	7	43	3	5	1	56	2	51	3	70	8	55	9	58	9	2	5	54	8	55	2	5	1	13	2	15	3	10	8	14	9	9
10	7	4	4	41	6	24	7	40	9	28	2	5	1	63	3	56	4	71	8	60	9	76	8	1	7	47	5	3	5	31	6	25	7	23	1	2	5	101	8	92	6	2	5	65	8	70	3	3	2	67	4	74	6	55	0	3	0	20	1	20	9	25	9	1	1	87	4	5	1	120	2	100	7	113	8	78	9	79
10	8	2	6	51	7	35	0	4	3	85	5	66	6	67	9	68	4	4	0	23	2	36	4	27	9	36	5	3	3	85	4	108	7	94	9	1	3	79	1	1	8	31	7	2	5	9	8	8	6	1	3	85	3	1	3	23	2	3	2	37	3	39	8	43
10	6	2	6	17	8	18	2	3	0	76	2	50	7	78	8	1	1	81	1	2	4	78	9	66	9	3	0	25	4	24	9	25	4	5	4	34	5	44	6	44	7	34	9	38	7	2	5	8	7	9	0	1	5	17	5	4	2	12	3	11	5	15	9	14	3	4	0	38	2	51	3	33	6	42
10	8	1	8	85	7	4	1	52	3	57	7	43	9	53	5	1	2	77	3	3	0	76	3	86	6	74	2	4	0	63	3	70	6	68	9	51	4	1	7	8	9	3	0	31	5	39	9	47	1	4	0	52	1	49	2	52	5	40	0	4	0	57	4	49	5	46	6	58	6	3	0	52	1	64	3	58
10	4	1	3	80	0	2	0	100	4	105	9	2	0	12	9	9	5	5	0	62	1	73	2	83	5	65	8	82	7	4	0	50	2	36	4	40	5	49	3	3	0	75	3	89	6	114	2	3	0	75	2	56	9	81	8	2	4	13	7	8	6	4	1	54	2	50	7	71	8	59	1	3	1	78	3	59	7	59
10	9	1	5	75	0	3	0	46	1	42	2	35	3	2	0	10	3	10	8	5	0	44	3	33	5	30	6	34	7	37	1	3	1	68	4	60	8	54	6	4	0	85	1	81	6	55	9	60	2	4	1	26	7	42	8	33	9	38	5	4	1	8	4	5	5	8	6	7	4	1	2	27	7	5	0	86	2	75	3	92	8	80	9	68
10	7	3	0	76	5	108	6	118	3	1	0	21	4	1	7	62	5	3	4	81	5	70	7	54	2	1	7	10	6	3	0	54	3	55	9	49	0	1	4	50	9	5	2	77	4	53	6	62	8	49	9	73	1	4	0	62	2	80	7	81	8	56	8	2	0	56	4	65
10	0	4	0	82	2	71	8	61	9	86	3	1	6	14	2	4	0	77	3	113	5	69	8	86	7	3	3	44	4	60	8	62	8	1	1	73	5	3	3	32	6	39	9	30	9	2	4	103	8	111	1	3	0	102	1	105	4	85	6	5	0	88	2	64	3	57	7	80	9	87	4	2	1	8	2	9
10	9	3	5	63	8	59	9	61	1	4	1	6	3	10	5	11	7	10	3	5	0	31	4	27	6	23	7	34	8	25	6	5	0	41	2	60	4	39	5	45	8	59	2	2	2	72	3	111	8	1	4	67	7	4	0	67	2	81	6	84	7	76	0	3	0	59	7	90	8	90	5	1	4	121	4	3	0	46	4	45	7	34
10	4	4	1	40	5	38	6	37	9	27	2	2	3	78	7	58	5	5	0	24	1	28	2	26	3	31	9	27	6	1	4	28	8	5	0	25	2	15	6	24	7	23	9	23	7	1	9	57	3	4	0	51	2	61	4	50	5	39	1	1	5	100	0	5	3	45	5	35	6	29	7	45	8	42	9	5	0	71	1	89	5	83	7	80	8	87
10	2	1	0	53	5	4	1	18	3	26	7	20	9	18	9	3	4	51	5	53	8	67	8	5	0	62	2	55	4	65	7	46	9	46	0	5	1	6	4	5	5	3	7	4	9	3	6	2	5	19	9	22	3	1	1	55	7	1	3	69	1	4	3	78	4	108	7	66	9	105	4	4	3	48	5	40	7	59	8	55
