15	10	10
10	8	4	0	17	1	16	3	13	7	14	4	5	1	57	3	63	5	87	6	68	9	89	3	1	2	10	2	5	0	36	2	31	6	45	7	31	8	28	0	5	3	92	4	71	5	69	6	94	9	60	5	4	0	102	1	90	7	103	9	114	9	4	0	10	2	10	5	14	8	14	1	4	1	25	2	30	3	23	9	24	7	5	1	39	2	40	3	52	4	34	5	40	6	5	0	74	2	61	5	75	6	74	9	81
10	5	1	1	43	3	1	9	69	2	2	4	80	7	92	4	4	1	61	2	55	3	57	6	43	6	3	4	73	6	77	8	97	9	4	2	106	3	96	6	67	8	110	0	4	0	34	4	45	5	43	8	45	1	5	1	66	4	72	5	66	6	75	7	87	7	4	0	80	1	59	5	83	9	85	8	3	1	78	2	105	3	94
10	9	3	1	3	7	4	9	6	1	2	3	66	8	91	0	3	2	38	7	41	8	43	6	4	0	44	3	50	4	54	8	57	4	1	9	8	7	5	1	6	3	5	5	8	7	6	9	8	3	1	5	38	5	2	0	69	1	55	8	3	1	52	7	60	9	66	2	1	9	12
10	2	3	5	39	6	52	9	45	1	4	0	10	2	9	8	9	9	9	0	1	8	75	5	4	2	22	3	19	4	19	5	21	4	3	5	66	7	51	8	47	7	5	1	86	2	105	3	92	5	99	6	104	9	4	1	59	4	70	6	54	7	57	8	4	1	35	6	33	7	48	9	35	3	2	5	67	8	68	6	3	3	31	5	30	8	51
10	6	4	3	47	5	45	7	62	9	68	2	5	0	68	1	85	4	84	6	73	9	83	3	2	7	65	9	75	8	5	0	48	2	46	4	52	6	35	7	51	4	5	1	29	2	44	3	40	7	29	9	42	7	2	5	24	8	17	1	1	4	39	5	4	0	3	1	6	2	4	3	5	9	1	2	42	0	2	8	8	9	6
10	8	2	1	6	8	7	2	1	5	56	7	3	2	34	5	37	6	30	0	3	2	61	6	84	9	63	5	3	1	78	8	74	9	63	3	2	0	105	4	93	4	1	2	29	6	2	1	52	9	50	9	2	3	62	8	71	1	2	2	53	5	46
10	0	5	0	118	3	92	6	117	8	96	9	92	2	4	1	72	4	78	6	77	8	60	3	4	2	73	4	97	7	82	9	74	5	2	4	21	6	17	4	3	4	117	6	101	7	116	9	5	1	25	2	38	3	23	7	26	8	30	8	3	3	46	5	39	8	56	6	4	0	13	2	12	3	13	4	14	7	4	1	65	6	90	7	102	8	89	1	4	2	5	3	6	5	6	9	8
10	3	1	7	76	7	4	0	89	5	64	6	102	7	97	9	3	3	50	4	52	5	62	0	2	3	63	9	49	2	2	2	71	3	69	4	1	7	31	5	2	3	27	8	32	1	5	2	29	4	40	5	38	6	40	7	35	8	2	5	40	8	46	6	5	0	47	3	63	6	73	8	61	9	56
10	2	1	4	47	3	4	3	15	6	18	8	20	9	16	4	2	1	10	6	9	6	1	6	51	1	5	1	26	3	32	4	32	5	33	6	31	9	3	2	89	6	103	7	73	8	1	3	83	0	2	0	47	1	74	5	4	0	71	3	61	6	61	8	56	7	5	3	110	4	76	6	67	8	106	9	98
10	7	1	4	39	8	2	3	27	8	32	4	3	1	37	7	39	8	54	6	4	0	40	2	57	5	57	8	42	0	5	0	27	1	38	2	29	5	32	7	34	5	1	2	8	2	3	0	35	3	33	8	23	9	1	2	33	3	4	0	19	1	18	2	23	3	25	1	2	4	50	7	40
10	8	2	6	18	9	20	6	5	3	45	6	61	7	55	8	47	9	57	7	3	2	78	8	61	9	63	4	5	0	7	2	8	5	8	7	10	8	7	5	4	1	15	3	16	7	17	8	19	3	3	1	27	6	40	8	42	0	1	1	71	2	1	8	74	9	3	2	84	7	76	8	61	1	1	8	98
10	1	5	2	104	3	90	4	87	8	91	9	106	5	5	2	8	3	7	4	8	5	8	8	8	8	4	3	69	6	85	7	71	8	69	6	1	5	49	4	5	0	65	1	71	4	83	7	71	8	83	0	5	2	19	5	14	6	12	7	20	8	19	3	5	0	24	1	34	3	35	5	30	8	26	2	5	1	20	2	17	4	19	5	20	6	18	7	1	3	42	9	5	4	11	5	10	6	9	7	12	9	9
10	2	5	0	16	5	15	7	15	8	13	9	12	6	2	0	66	8	78	7	3	2	11	3	11	6	13	1	1	8	30	4	4	1	47	2	37	8	29	9	30	8	4	2	43	3	39	4	42	9	47	0	5	2	15	3	19	7	23	8	15	9	23	3	5	0	38	2	31	3	31	4	26	6	25	9	3	2	16	3	17	9	17	5	1	4	58
10	6	4	4	38	5	24	6	36	7	27	2	4	1	100	2	113	6	92	8	89	5	1	4	28	8	4	0	94	1	86	6	93	7	100	1	4	1	88	2	90	6	65	8	103	7	1	4	65	9	5	2	90	3	87	4	95	8	79	9	81	4	5	0	84	1	87	3	113	6	103	9	93	3	4	0	102	2	91	5	76	9	119	0	2	0	10	5	8
10	4	2	2	106	4	67	7	2	6	6	8	7	8	2	8	27	9	21	1	1	4	44	3	4	2	91	5	106	8	110	9	92	2	3	2	83	3	51	9	84	6	2	0	19	1	18	9	3	6	51	7	47	8	77	5	4	1	37	4	48	6	42	8	44	0	1	6	38
