20	15	15
15	5	3	3	7	8	7	10	6	3	3	1	55	11	59	13	61	0	5	2	81	8	55	11	53	12	63	14	67	2	4	1	32	3	35	13	29	14	43	6	5	3	6	5	4	8	4	13	6	14	7	4	4	1	75	2	61	9	76	13	63	1	5	1	59	4	68	7	64	9	82	12	81	9	2	4	76	6	64	8	2	2	61	6	52	13	2	4	87	13	64	11	2	1	27	12	17	10	1	12	85	12	1	6	43	14	2	6	38	12	54	7	5	1	44	3	42	5	58	9	38	14	36
15	3	2	10	41	13	29	4	2	4	28	12	21	2	1	1	60	0	1	0	4	5	4	0	71	4	50	7	57	9	55	1	5	1	70	4	66	7	80	10	79	13	92	6	1	4	107	14	2	2	13	6	13	11	3	1	80	3	87	11	92	9	5	1	35	6	32	10	36	13	36	14	27	10	2	5	5	10	3	13	3	1	71	10	63	14	65	7	4	0	18	3	11	8	14	9	12	8	3	2	56	3	74	8	53	12	1	11	48
15	1	3	9	47	13	56	14	41	2	1	12	25	0	4	1	20	9	25	11	22	13	20	6	3	2	21	12	20	13	12	3	5	0	43	1	35	3	46	6	49	14	35	4	4	3	91	6	106	7	68	12	71	5	1	7	2	14	5	2	57	3	58	6	85	10	73	11	84	11	2	11	37	12	34	9	5	0	20	3	20	6	20	8	20	14	28	10	4	5	61	6	79	12	66	13	74	13	4	4	94	6	67	8	86	10	82	8	4	1	56	2	52	6	51	7	61	12	1	9	84	7	3	1	11	11	9	13	7
15	2	4	4	37	12	46	13	44	14	47	4	2	12	19	13	17	3	5	4	23	6	18	8	30	10	24	13	24	0	1	10	40	1	3	1	112	4	79	11	109	5	4	3	71	6	96	10	70	13	90	6	1	14	98	14	5	2	3	6	3	8	2	10	2	13	3	12	4	5	51	7	47	11	57	12	45	10	2	6	56	9	64	9	4	1	57	4	71	9	79	11	55	8	2	2	72	12	44	7	5	4	59	6	78	9	86	12	74	13	60	13	4	2	96	3	74	8	82	11	91	11	2	9	91	10	112
15	2	4	0	16	4	18	8	16	14	17	0	5	0	46	2	67	9	54	12	72	14	66	3	4	4	52	7	43	8	54	12	38	4	5	0	47	4	29	10	46	12	42	13	43	6	1	14	38	5	5	4	17	5	24	9	26	10	24	12	25	1	5	0	5	2	7	3	4	7	4	12	4	11	4	1	8	7	8	9	7	13	7	8	4	4	57	7	81	11	62	14	57	14	4	1	102	4	73	6	76	11	88	13	5	2	18	4	25	6	18	10	26	12	21	12	5	1	17	7	13	9	16	10	19	11	19	9	5	1	26	3	39	5	34	8	34	10	24	7	4	0	67	5	71	6	71	10	83	10	2	0	85	2	120
15	4	5	1	58	6	59	8	36	11	44	13	39	5	1	6	51	2	4	7	51	9	66	11	62	13	65	0	3	4	88	12	80	14	70	6	3	1	1	10	1	14	1	3	1	8	66	1	2	2	17	14	27	9	4	0	93	1	76	4	84	7	103	8	2	5	71	10	50	10	5	1	11	3	13	4	10	5	15	10	9	7	4	3	33	6	30	8	38	13	40	14	3	5	4	6	3	14	3	12	2	7	79	12	94	13	2	11	64	14	49	11	2	9	12	10	12
15	3	5	4	25	5	31	8	21	12	25	14	25	0	4	0	22	1	28	11	22	13	31	6	1	5	33	5	3	4	103	8	102	9	72	2	3	1	36	9	39	11	50	1	2	7	43	12	53	4	2	12	90	13	91	8	5	4	24	5	24	7	27	8	22	10	30	10	5	0	67	1	85	5	69	8	66	11	99	9	2	4	66	6	57	14	3	0	73	6	78	12	72	13	4	2	55	7	69	8	65	12	66	12	5	4	92	7	115	8	109	13	79	14	112	7	5	1	60	2	65	3	56	9	67	14	51	11	4	3	15	6	15	7	12	10	16
15	4	4	4	35	5	31	6	27	8	25	3	5	5	50	6	45	10	53	11	48	12	66	0	5	2	116	6	102	7	101	12	94	13	100	5	5	0	84	4	81	5	71	10	78	14	66	2	2	7	45	12	50	1	4	1	115	2	73	7	85	11	92	6	3	3	91	4	73	6	109	9	5	2	63	3	81	8	81	10	94	14	83	8	1	13	51	12	1	8	58	13	2	3	3	10	2	7	5	1	62	4	79	8	69	11	61	13	81	11	4	4	31	9	48	11	42	14	40	14	1	4	94	10	2	7	85	11	56
15	1	5	1	72	2	71	7	53	10	67	11	68	2	2	4	22	7	23	0	4	1	93	2	91	7	84	9	92	5	4	1	22	4	17	5	14	9	15	6	5	3	101	6	97	7	99	12	70	14	73	3	2	0	19	7	19	4	2	5	38	14	31	12	2	2	39	9	35	9	2	1	67	13	71	13	5	1	16	2	17	6	19	7	19	9	16	10	2	5	34	10	33	14	4	3	9	4	6	6	11	7	6	11	3	0	38	7	32	10	40	7	5	0	39	3	29	6	28	8	34	10	30	8	3	7	25	8	18	13	18
15	2	4	1	82	2	91	8	64	11	62	3	1	3	63	6	1	3	34	4	2	0	68	1	75	5	4	1	46	7	62	11	70	13	48	0	4	4	51	10	52	11	32	13	38	1	4	1	69	4	71	6	63	14	75	12	5	0	14	1	18	7	13	11	14	14	21	8	3	9	35	11	37	13	38	10	3	2	11	7	11	14	18	7	4	0	51	1	66	12	63	13	46	14	5	0	45	6	66	8	70	11	58	13	55	9	5	5	17	6	25	7	25	11	24	13	18	11	4	5	58	7	75	8	53	12	68	13	4	0	65	6	56	8	66	11	62
15	4	3	0	73	1	96	11	67	6	4	0	21	3	24	9	24	11	19	1	5	1	28	3	27	8	31	11	33	13	22	5	1	7	67	3	3	4	1	6	1	14	1	2	5	4	25	7	19	10	23	13	21	14	18	0	5	0	58	3	57	4	48	5	65	7	59	13	3	8	87	10	61	14	79	11	5	3	81	4	62	6	61	12	81	13	86	10	5	0	122	3	76	10	102	13	92	14	105	9	2	11	61	13	78	12	5	0	36	2	37	3	31	4	28	7	36	7	5	5	111	8	98	10	74	11	106	14	80	8	2	3	46	7	44	14	2	5	105	7	105
15	6	3	0	0	1	0	9	1	2	1	11	10	4	1	4	73	5	5	0	57	2	80	6	88	10	71	12	73	0	4	1	14	4	16	5	11	13	16	1	1	12	6	3	4	0	61	5	58	7	51	13	48	7	3	4	24	6	23	12	17	14	2	5	81	13	71	10	2	0	122	3	107	13	3	0	65	7	52	9	54	11	3	8	43	9	35	10	39	8	4	6	7	10	11	11	9	14	8	12	5	3	11	4	13	7	13	8	17	14	14	9	5	0	22	5	21	6	19	7	15	8	18
15	5	1	5	60	2	4	7	10	8	15	12	12	14	13	3	4	4	57	6	44	9	37	13	44	6	5	0	74	1	82	7	66	8	70	12	74	1	4	0	39	7	49	10	40	13	46	0	2	2	91	7	75	4	1	10	87	9	5	1	110	4	122	11	84	13	123	14	95	14	2	3	47	12	52	13	2	1	29	4	45	10	5	4	8	8	7	10	5	11	5	14	5	11	3	1	30	2	41	3	41	8	2	6	19	9	24	12	1	12	70	7	1	14	81
15	2	5	1	39	7	51	10	48	13	45	14	50	3	2	0	57	13	66	5	3	4	29	9	21	10	32	1	4	1	43	2	51	5	35	7	47	4	5	2	8	3	6	5	9	7	9	8	10	6	5	4	82	9	59	11	64	12	65	13	85	0	1	5	52	9	2	3	53	7	47	10	1	6	92	12	2	0	13	7	17	11	2	5	98	6	91	7	4	2	114	7	91	8	106	13	89	14	5	0	46	3	56	6	43	7	48	9	53	8	1	11	40	13	2	2	13	12	11
15	2	3	2	64	7	63	8	78	0	4	0	55	2	54	8	41	12	51	1	5	0	39	1	46	5	37	9	43	12	35	5	3	5	59	8	64	12	77	6	1	10	70	4	2	1	104	4	97	3	4	0	11	6	14	11	10	12	14	8	5	1	67	4	54	7	65	10	70	11	61	12	4	0	18	7	25	8	18	11	31	9	3	0	84	9	84	12	75	10	4	1	86	4	74	8	105	11	84	11	1	1	1	7	3	3	81	8	86	12	65	14	4	3	19	7	19	8	18	11	15	13	2	1	13	11	14
15	2	5	1	56	2	65	7	58	9	61	12	68	6	1	12	28	5	1	8	25	1	3	3	43	6	31	14	44	0	2	11	5	13	4	3	3	8	96	9	76	11	109	4	2	3	51	7	54	9	1	8	35	11	4	2	76	3	80	11	65	13	84	10	4	1	70	9	55	12	47	13	46	8	4	4	29	9	31	10	44	12	44	13	4	0	27	1	26	13	31	14	33	7	1	6	64	12	1	3	21	14	2	13	42	14	58
15	5	4	1	92	3	93	6	84	10	78	2	2	12	14	13	13	3	1	10	13	4	2	7	45	13	76	1	3	2	15	7	17	14	24	0	5	1	26	3	20	6	22	10	19	11	19	6	5	1	25	5	25	7	34	9	38	12	39	12	1	8	64	14	4	5	50	6	40	11	60	13	44	8	3	11	7	12	6	13	8	9	5	2	3	3	3	5	3	12	5	14	5	7	1	10	94	10	4	2	59	4	56	5	47	10	51	13	5	0	54	2	40	7	41	11	45	14	50	11	5	2	62	3	61	4	102	10	92	14	97
15	5	4	0	64	2	54	4	90	11	56	0	3	0	16	8	16	14	16	3	5	3	44	5	53	8	43	9	40	12	40	6	2	1	84	9	94	1	2	0	73	3	77	4	4	9	86	12	98	13	96	14	98	2	2	6	12	12	9	7	5	5	48	6	38	7	50	8	47	9	38	14	5	0	88	5	88	6	91	9	103	11	95	11	1	0	70	8	5	3	37	4	53	9	35	11	51	14	41	9	3	2	44	9	41	11	48	13	3	2	32	10	36	13	34	10	4	0	29	3	25	8	29	14	35	12	2	4	65	13	43
15	1	1	10	43	5	5	1	18	3	20	4	23	9	22	11	20	0	1	9	22	4	2	0	76	13	82	6	5	2	60	4	71	8	74	10	72	12	59	3	2	4	31	13	33	2	5	4	52	6	66	8	79	12	58	14	79	9	2	1	28	2	42	7	2	6	9	13	12	10	4	0	102	2	104	9	109	12	103	12	1	11	27	13	4	0	63	1	65	4	53	10	72	14	5	2	70	6	62	11	79	12	63	14	66	11	1	3	54	8	4	0	14	3	12	5	16	9	10
15	1	2	1	5	5	5	4	4	0	13	7	13	10	12	12	14	3	4	5	93	10	98	13	64	14	91	2	2	2	33	13	28	6	4	1	46	5	44	10	50	11	40	0	2	3	79	12	95	5	2	1	22	4	25	11	1	9	24	7	2	0	29	4	20	12	1	5	1	8	1	3	74	14	4	2	86	3	73	4	88	11	88	13	1	6	29	10	3	1	94	3	96	12	82	9	2	5	72	12	105
