10	10	10
10	6	3	1	40	4	60	5	42	0	4	3	102	5	74	7	102	9	67	4	2	0	54	9	47	3	2	1	66	4	72	7	5	2	29	3	47	5	43	7	41	8	44	8	2	0	30	5	38	1	4	0	90	1	86	5	54	8	85	5	2	1	93	4	82	2	3	1	65	3	78	7	49	9	5	1	4	3	4	6	3	8	5	9	5
10	3	5	1	17	2	24	3	19	4	16	9	18	9	1	4	56	6	5	1	42	4	25	5	29	7	26	8	39	5	2	1	64	7	59	0	4	2	102	4	120	5	97	8	95	8	3	2	15	5	14	7	18	4	2	0	72	2	47	2	1	1	24	7	1	8	46	1	2	1	49	7	48
10	4	5	2	54	5	56	6	55	7	53	8	36	1	1	4	26	8	5	0	32	1	25	2	29	3	29	4	24	0	3	0	22	2	33	4	24	7	3	0	62	3	88	7	80	6	3	2	75	5	93	6	92	5	4	1	24	2	26	3	25	7	17	3	3	1	22	2	27	5	26	9	2	1	5	2	6	2	1	7	77
10	9	1	0	12	1	1	7	45	4	3	0	30	3	28	9	31	3	5	1	53	5	58	6	81	8	71	9	68	8	1	7	37	2	1	6	10	6	5	0	62	2	58	5	63	8	41	9	41	0	2	0	58	9	44	7	1	2	98	5	3	0	25	4	25	8	25
10	3	4	0	70	3	80	4	92	6	66	2	3	3	53	4	57	6	58	6	4	0	17	1	22	2	26	5	28	9	5	0	33	4	30	5	33	8	22	9	20	7	1	5	52	0	2	2	38	3	48	4	4	0	96	4	77	7	89	9	101	5	4	0	7	2	6	3	6	7	8	1	2	8	47	9	37	8	5	1	12	2	16	3	17	6	19	9	15
10	1	1	8	69	4	2	1	29	9	19	0	3	1	59	3	49	8	49	2	1	1	87	9	2	1	14	8	14	6	1	6	49	7	5	1	43	3	48	5	49	6	49	7	42	8	4	1	58	5	52	6	64	8	73	5	2	1	22	2	15	3	4	2	78	7	74	8	63	9	82
10	1	5	1	69	2	63	7	67	8	60	9	54	3	3	0	97	1	71	8	79	0	2	4	32	8	42	2	5	0	54	1	43	2	64	4	57	6	53	9	5	0	52	3	42	5	50	8	46	9	55	7	4	0	65	6	46	7	56	9	49	8	4	0	75	1	89	2	76	3	87	4	3	0	15	1	13	5	17	6	1	6	67	5	5	1	105	2	90	6	80	7	95	8	93
10	5	1	3	60	3	2	3	104	6	92	6	3	0	48	2	52	5	40	1	1	4	90	0	3	2	99	3	100	7	67	7	4	2	23	5	31	6	22	8	29	8	1	6	23	9	3	3	64	5	57	7	58	2	1	3	30	4	4	1	68	4	54	6	64	8	52
10	1	5	0	8	1	11	3	10	4	8	6	13	0	4	0	65	2	79	4	69	9	49	7	2	4	61	6	80	4	5	0	80	2	104	3	67	4	87	9	76	3	5	5	7	6	8	7	8	8	9	9	10	5	5	0	81	1	69	3	89	8	56	9	68	9	3	4	34	6	40	8	46	8	3	2	78	3	85	5	101	6	1	9	106	2	2	1	17	6	18
10	4	4	1	67	3	49	4	47	9	46	8	1	5	31	2	5	1	102	2	91	3	107	4	82	7	80	3	1	4	76	1	1	9	60	6	1	8	83	7	5	1	53	2	48	4	41	6	42	7	43	9	2	4	77	6	95	5	4	0	53	2	38	3	45	7	46	0	1	8	46
