10	10	10
10	9	4	2	81	3	56	6	80	8	75	8	3	4	15	6	10	8	16	0	3	0	82	3	110	4	97	7	5	0	75	3	95	4	104	7	103	9	97	6	5	1	12	3	16	4	15	5	11	6	12	5	1	0	68	3	1	1	82	2	1	9	54	4	3	0	97	8	81	9	88	1	2	1	17	3	18
10	8	2	0	30	4	41	9	3	0	95	6	115	8	81	0	5	2	56	5	54	6	69	7	76	8	77	7	3	4	62	5	48	7	78	5	1	3	49	4	5	3	67	4	51	5	71	6	61	8	52	6	5	1	20	2	16	4	23	6	17	8	24	2	2	0	12	3	14	3	4	1	7	2	9	4	6	9	9	1	1	0	90
10	9	5	1	12	2	10	5	15	7	10	8	11	8	4	0	30	1	24	6	29	9	28	7	3	1	48	6	71	8	48	6	5	0	95	3	104	5	75	6	89	7	82	4	5	0	66	1	56	2	82	3	58	5	69	5	4	2	31	3	34	4	25	5	26	3	3	3	71	5	65	7	53	2	5	0	79	1	89	2	86	4	101	5	91	1	5	0	43	1	31	4	37	5	36	9	43	0	2	2	71	9	66
10	0	5	1	66	2	96	3	84	4	59	8	83	1	3	4	86	5	62	8	54	3	1	2	86	2	2	5	73	9	64	6	3	0	97	2	72	5	101	4	4	1	21	6	16	7	18	9	21	5	1	0	22	7	4	0	98	1	88	5	99	7	74	8	5	1	10	2	8	3	9	4	6	6	7	9	1	7	84
10	0	5	0	29	1	41	4	37	5	34	6	35	1	5	2	64	3	84	4	56	6	63	9	87	7	2	4	54	9	41	5	1	4	42	4	3	1	111	3	79	6	90	6	4	0	30	5	49	8	33	9	45	3	4	1	59	2	70	3	48	5	75	2	2	4	59	9	74	8	1	7	23	9	4	2	78	3	54	5	61	6	80
10	9	5	0	10	4	8	6	6	8	9	9	10	8	4	2	106	6	87	7	64	9	88	3	4	4	60	6	49	7	54	9	45	7	4	3	115	4	91	7	91	8	118	5	3	0	109	3	71	8	89	4	1	0	75	6	4	0	93	3	85	6	67	7	59	2	4	0	66	2	65	4	92	9	90	1	1	7	83	0	4	1	6	2	6	6	3	8	5
10	8	2	2	61	4	46	9	3	2	53	3	49	5	48	6	1	5	5	7	1	3	86	5	4	0	13	2	14	4	10	6	13	3	5	2	70	3	62	4	77	5	61	9	53	4	3	5	25	6	23	7	20	2	4	1	61	4	82	6	80	7	95	1	2	0	73	8	45	0	2	0	32	3	36
10	9	5	1	74	2	62	4	92	5	66	8	72	8	2	5	23	9	17	7	4	2	28	3	27	4	25	5	28	6	4	1	80	7	63	8	92	9	80	4	4	4	89	5	83	6	61	9	58	5	4	0	66	4	68	6	42	7	69	3	4	4	46	5	43	7	47	8	43	2	3	1	33	2	38	7	46	1	4	1	57	2	42	6	66	9	55	0	3	1	93	4	119	8	102
10	9	3	0	62	1	72	8	69	8	2	1	62	6	54	2	1	4	88	4	3	1	20	3	21	5	25	5	3	1	100	2	84	4	86	3	3	2	85	3	97	4	85	6	2	3	55	9	46	7	3	0	11	5	9	7	11	0	4	0	74	3	64	4	51	8	74	1	4	1	13	3	15	4	11	7	16
10	0	4	0	41	3	48	5	34	6	45	1	2	2	62	4	73	2	2	5	75	6	69	3	4	3	28	4	30	6	35	7	35	4	5	0	41	1	47	2	50	8	45	9	53	5	3	6	91	7	73	9	95	6	3	2	62	6	64	7	40	7	4	6	32	7	44	8	48	9	40	8	1	6	29	9	2	1	19	7	24
