10	5	5
5	0	2	1	13	2	9	2	1	1	97	3	1	0	111	4	2	0	88	3	79	1	2	0	6	1	7
5	1	2	1	20	3	19	3	1	4	9	4	1	2	52	2	1	1	25	0	1	3	87
5	1	2	3	16	4	13	0	1	4	68	3	1	3	15	4	1	2	13	2	2	1	15	2	23
5	2	1	4	105	4	2	2	81	4	69	0	1	0	5	3	2	0	8	2	8	1	1	3	63
5	1	1	1	55	3	2	2	6	4	6	4	1	1	101	0	2	1	18	2	11	2	1	4	37
5	3	2	0	64	3	85	2	1	1	21	0	2	2	59	4	70	4	2	1	95	2	89	1	1	1	62
5	2	2	1	58	4	68	1	1	2	92	0	1	3	48	3	2	3	22	4	28	4	2	1	8	2	6
5	1	2	3	109	4	107	3	1	4	82	0	2	0	76	1	64	4	1	1	91	2	1	4	56
5	2	2	2	47	4	65	4	1	0	11	0	2	0	56	2	62	1	2	0	46	2	55	3	1	0	72
5	2	1	1	43	4	2	2	6	3	4	3	2	0	68	4	72	1	1	2	13	0	1	0	86
