15	5	5
5	1	1	3	69	2	2	0	45	2	55	3	2	3	4	4	4	0	1	3	11	4	2	1	55	3	50
5	1	2	3	66	4	74	0	1	4	92	4	1	4	116	3	2	1	62	3	70	2	1	3	80
5	0	1	4	95	1	2	2	86	4	76	2	1	4	74	4	1	1	33	3	2	3	89	4	85
5	3	2	3	64	4	51	1	1	1	15	2	1	4	29	0	2	0	15	4	15	4	2	2	87	4	63
5	2	1	3	38	0	1	3	44	1	2	1	46	2	52	3	2	1	85	3	84	4	1	3	65
5	3	2	0	36	3	26	4	2	1	88	2	81	2	1	0	85	0	1	4	10	1	2	1	22	4	18
5	1	1	1	94	4	2	0	80	4	62	0	1	2	68	2	1	3	13	3	2	0	6	3	8
5	2	1	2	68	3	2	1	35	2	51	1	2	2	69	4	57	4	1	3	38	0	2	2	13	4	8
5	0	2	1	57	4	61	3	2	1	80	4	90	4	2	0	46	1	45	1	1	4	102	2	2	0	99	2	110
5	2	1	1	68	4	2	0	21	2	16	3	2	2	16	3	17	0	1	2	11	1	1	2	61
5	0	2	1	58	4	56	4	1	2	102	3	2	1	70	3	73	2	2	0	23	2	21	1	1	3	67
5	2	2	0	58	3	55	0	1	0	72	1	1	0	112	4	1	1	5	3	1	4	83
5	3	2	0	21	3	27	2	1	3	79	1	2	0	61	3	62	4	2	0	4	4	7	0	1	4	106
5	1	1	3	103	2	2	0	47	3	43	4	1	2	32	0	2	1	23	4	26	3	2	0	40	2	60
5	3	2	3	64	4	77	2	1	0	30	0	1	1	29	4	1	0	18	1	2	1	10	3	7
