20	15	15
15	3	1	9	10	2	3	1	74	10	65	13	76	1	5	1	59	5	74	6	92	7	90	8	60	0	1	5	80	6	3	0	67	7	51	8	61	4	4	0	7	3	7	11	6	12	10	5	3	2	6	6	5	9	4	8	2	4	70	7	97	9	1	3	41	11	5	1	34	6	48	7	49	12	42	14	32	14	5	3	26	6	33	9	37	10	24	12	38	7	4	2	98	3	80	9	93	12	102	10	2	0	28	10	23	13	4	8	99	9	66	13	85	14	82	12	3	2	46	4	36	11	33
15	6	3	2	43	4	36	13	40	1	3	2	52	4	80	8	85	4	3	1	67	4	93	6	93	3	4	0	24	1	28	9	19	11	21	5	4	1	21	2	19	7	22	13	18	0	5	4	15	7	16	12	16	13	15	14	16	2	3	0	61	6	63	9	61	8	3	6	15	10	22	14	23	7	5	2	52	8	66	10	48	11	61	13	59	9	1	14	87	10	3	6	63	7	71	12	65	13	5	0	53	1	43	5	39	7	59	14	60	12	5	1	38	3	27	4	39	8	28	9	42	11	5	1	18	6	25	8	21	9	28	13	20	14	5	3	41	7	46	8	61	10	57	13	49
15	6	5	0	19	1	13	2	15	7	13	14	19	4	2	1	71	10	61	1	1	2	63	0	3	3	39	10	43	13	41	5	3	5	40	9	41	10	45	2	2	3	88	8	107	3	1	11	61	10	3	2	62	3	74	11	90	7	1	7	59	11	5	3	80	7	83	8	73	11	91	12	73	9	5	2	71	4	58	9	62	10	61	11	57	14	4	4	78	9	91	10	81	12	86	8	1	5	13	13	5	4	46	6	34	10	42	12	44	14	43	12	5	2	100	3	79	7	93	10	79	13	95
15	0	1	5	88	1	3	0	18	10	17	12	16	3	3	6	83	10	82	13	52	4	3	3	99	5	68	12	109	2	3	6	117	8	88	11	75	6	4	3	111	5	105	8	103	9	80	5	2	10	62	13	57	10	5	2	70	5	89	7	70	9	91	10	87	13	1	0	32	9	4	1	65	2	55	13	66	14	45	12	3	5	70	9	73	12	52	8	4	0	10	3	6	11	10	12	6	7	4	5	83	6	84	8	110	13	110	11	3	2	41	6	56	8	44	14	3	0	61	1	53	5	49
15	6	2	1	89	9	86	2	4	0	20	3	26	9	26	14	24	5	1	5	28	0	2	8	89	9	72	4	2	6	26	14	19	1	5	2	58	7	68	10	84	11	54	12	73	3	4	2	58	5	47	9	52	13	64	14	3	0	26	7	27	14	28	8	4	3	80	4	102	6	80	12	74	11	3	6	48	9	45	12	59	10	5	1	36	5	22	8	21	11	33	12	27	13	4	2	59	5	52	6	60	11	59	12	4	3	83	4	109	6	74	8	111	9	3	1	39	2	42	10	43	7	1	8	95
15	4	5	0	49	1	64	6	40	9	67	13	44	6	3	0	33	3	26	13	26	5	1	11	12	3	5	2	43	6	49	9	54	11	40	14	55	0	5	0	73	8	96	11	71	13	94	14	64	1	5	2	59	3	82	5	79	7	65	10	91	2	4	1	5	10	4	11	4	13	5	8	4	2	35	6	24	7	23	8	23	12	3	1	71	4	70	14	69	7	1	2	47	9	2	10	54	12	51	13	3	0	105	11	104	14	107	14	5	1	28	2	24	6	37	9	32	14	37	11	5	1	52	3	47	7	50	10	65	14	55	10	1	7	30
15	4	1	13	76	1	5	1	31	2	26	3	25	5	21	7	35	5	4	3	91	4	91	5	110	6	110	6	2	8	70	14	59	3	5	0	76	2	106	4	71	10	114	11	79	0	2	5	16	7	11	2	2	3	58	14	63	7	5	1	29	7	33	10	27	12	26	13	30	9	3	0	35	3	37	12	49	8	2	3	28	6	27	14	5	0	28	4	40	5	30	10	39	13	39	11	5	5	60	6	86	10	61	11	54	12	54	13	2	3	56	8	50	12	2	9	58	12	46	10	5	0	31	3	37	5	30	10	29	13	38
15	0	2	2	42	13	48	1	2	6	68	8	55	5	3	1	114	2	107	7	108	3	4	0	6	2	5	7	7	13	6	2	5	4	23	5	14	11	20	13	22	14	22	6	2	4	55	10	49	4	5	0	38	1	34	7	36	10	42	11	44	8	4	1	81	5	82	12	65	13	62	12	4	4	43	5	40	8	38	9	56	10	4	0	41	5	26	6	35	14	31	13	4	1	58	6	52	9	48	12	43	11	3	0	110	4	94	8	89	7	2	6	22	7	26	14	2	5	31	6	38	9	3	8	32	9	40	10	46
15	0	1	11	1	6	2	2	104	5	84	3	5	5	42	7	30	8	39	9	42	12	39	2	1	11	43	4	3	5	97	11	73	12	115	5	4	6	88	9	101	11	80	13	95	1	3	1	68	6	86	14	67	14	2	1	69	14	59	9	2	1	30	5	35	12	3	6	74	9	62	12	77	8	5	3	21	4	20	6	24	9	17	13	25	11	4	2	75	4	78	7	83	10	82	7	3	1	91	3	56	9	64	13	1	6	52	10	2	2	6	8	8
15	5	3	7	111	11	108	13	77	1	2	4	30	10	27	0	3	3	64	5	61	8	89	2	4	0	46	1	70	10	43	14	62	6	2	5	68	12	79	4	4	1	1	8	2	10	1	12	2	3	5	0	62	2	77	4	70	7	78	9	78	9	5	1	105	5	91	7	92	12	104	13	84	10	1	14	81	12	5	1	51	3	46	6	33	13	48	14	38	14	5	0	4	1	3	3	6	8	3	9	5	8	3	2	105	6	119	13	76	7	5	0	39	3	34	5	31	7	36	10	35	13	2	5	68	11	42	11	3	1	38	6	45	13	32
15	2	5	1	18	2	13	8	12	12	16	14	11	5	3	3	79	5	72	11	91	6	2	0	22	11	18	3	5	8	13	10	13	12	10	13	12	14	16	1	4	3	68	7	93	8	67	9	73	0	2	6	53	9	67	4	2	6	35	10	26	13	4	0	22	1	23	10	17	14	19	10	2	8	34	10	36	9	5	0	37	3	32	10	41	13	44	14	42	14	3	6	70	8	71	14	61	12	5	1	104	3	86	8	89	10	66	12	64	7	2	5	2	8	2	11	2	6	50	11	65	8	1	12	29
15	3	5	1	32	2	37	7	34	13	32	14	34	6	2	8	31	13	40	0	3	2	15	8	13	13	11	4	2	2	4	14	4	2	2	7	56	10	62	1	1	14	32	5	4	5	87	7	94	10	82	14	95	14	3	2	1	4	2	10	1	13	3	0	43	10	48	13	52	9	2	1	20	9	17	10	1	9	48	11	5	4	71	7	64	8	91	10	81	13	62	7	3	10	16	11	22	14	14	8	3	10	72	11	56	12	65	12	2	3	55	14	77
15	5	4	1	34	3	38	4	35	10	33	1	2	7	56	8	61	6	2	2	46	11	39	0	4	4	37	5	36	8	50	13	36	3	3	2	83	4	108	9	107	2	4	2	48	3	75	8	61	10	48	4	1	0	95	7	5	0	12	6	9	7	12	10	9	13	10	12	2	10	33	14	33	8	4	3	43	7	45	12	43	14	41	9	4	0	111	2	110	4	95	7	106	11	5	5	71	8	71	9	84	10	88	12	82	14	3	1	71	5	65	9	67	13	4	0	62	11	50	12	49	13	42	10	4	0	31	3	23	6	22	10	27
15	1	2	9	94	13	78	2	5	2	56	5	49	8	50	9	48	12	42	0	2	2	71	6	87	3	2	2	66	4	52	5	3	0	2	2	3	14	3	6	4	1	5	2	6	8	6	13	5	4	2	1	83	7	77	13	2	1	49	14	33	10	3	4	39	5	39	13	34	11	2	7	78	13	71	12	3	0	47	4	56	5	48	14	2	3	53	13	34	8	1	14	2	9	1	3	35	7	4	1	17	4	14	6	21	11	15
15	4	4	8	42	9	55	10	50	11	48	0	2	1	32	12	25	1	1	6	46	6	3	4	67	11	67	12	73	2	4	2	93	9	86	11	93	13	100	5	3	6	72	8	74	13	78	3	4	5	101	6	69	7	68	13	89	13	1	7	47	7	3	3	50	4	47	8	48	11	3	1	53	2	62	9	49	8	1	10	49	14	2	1	87	14	88	9	5	1	14	6	17	8	14	11	11	12	15	10	2	2	48	11	53	12	3	1	30	4	47	8	39
15	1	1	5	46	0	5	1	105	5	93	8	96	10	75	13	74	5	3	3	58	8	71	13	73	4	5	0	119	2	117	3	106	7	109	8	107	3	3	9	88	10	84	12	76	6	5	0	105	5	80	7	85	9	88	10	106	2	4	0	60	3	86	9	54	12	85	14	3	1	52	9	55	12	46	12	4	2	23	5	17	13	23	14	19	11	3	10	65	11	44	12	45	13	2	3	27	11	32	10	1	14	65	8	5	4	85	6	93	8	98	9	70	12	62	7	4	0	7	9	9	10	7	14	10	9	2	1	89	4	91
15	3	4	1	62	8	57	9	88	13	59	6	2	7	13	8	9	4	3	1	117	9	96	14	79	2	2	7	82	13	53	1	4	0	52	5	57	10	53	11	58	5	5	0	22	6	30	10	18	13	25	14	20	0	1	0	40	7	2	4	78	5	82	14	2	9	64	12	83	8	1	11	18	9	1	0	95	12	5	6	46	8	66	9	74	10	55	14	57	11	3	0	25	6	35	11	22	10	3	1	11	5	13	13	14	13	3	3	2	7	3	12	3
15	0	3	0	85	10	85	13	114	6	1	5	27	2	4	5	31	7	33	8	41	12	48	4	1	8	46	1	1	11	46	5	5	0	87	6	80	9	86	10	81	12	87	3	5	1	22	2	18	7	16	8	22	9	23	9	1	9	29	12	3	1	55	8	83	9	85	13	1	14	84	10	4	8	9	9	11	10	9	11	13	11	3	10	93	12	77	14	83	7	1	4	61	8	1	0	70	14	4	6	13	7	12	8	14	9	13
15	5	3	1	90	8	73	14	92	3	2	0	42	2	43	1	5	0	31	3	39	4	29	6	31	7	26	4	2	5	83	7	82	6	3	0	8	4	11	5	8	0	5	6	58	8	60	10	49	13	61	14	37	2	1	3	39	10	3	3	34	7	33	8	42	13	4	7	61	8	40	11	44	14	60	7	4	3	38	6	33	7	29	11	35	12	3	5	75	11	90	12	95	14	5	1	25	5	18	9	26	11	21	12	21	9	4	0	5	1	8	8	6	14	8	11	5	0	6	1	4	7	4	9	3	13	6	8	2	8	3	13	4
15	2	3	2	73	3	85	8	99	0	2	1	75	10	78	5	1	5	53	6	1	13	74	1	1	5	16	3	4	1	85	5	76	10	78	12	96	4	3	3	26	9	28	14	22	12	3	2	23	3	26	9	25	9	1	2	39	8	1	0	17	11	2	6	54	9	57	10	4	7	109	9	118	12	116	13	112	7	2	2	19	7	17	14	3	4	73	9	59	10	75	13	4	3	21	5	24	10	20	11	18
