20	10	10
10	3	5	1	71	2	68	5	52	6	61	7	61	4	4	2	46	3	53	5	46	9	41	5	5	1	80	3	117	5	88	7	71	8	112	0	5	1	86	2	98	3	65	4	80	6	74	1	4	1	54	4	85	8	64	9	68	9	4	1	3	6	3	7	3	9	6	8	5	1	41	2	29	3	33	4	33	8	35	7	1	1	38	6	2	0	66	1	61	2	1	5	77
10	7	5	2	42	3	35	4	46	7	38	9	44	6	3	3	26	5	36	8	28	0	2	2	77	7	85	5	4	1	52	2	61	7	60	9	41	2	3	1	17	7	18	9	21	3	3	3	15	4	23	5	20	4	5	1	50	3	56	5	52	7	54	9	64	9	4	1	36	2	38	3	56	9	52	8	5	1	22	2	17	3	15	5	18	8	16	1	1	5	44
10	4	4	1	33	2	54	8	34	9	40	2	1	9	58	1	1	3	28	8	4	1	33	5	29	7	32	8	22	0	2	2	35	8	35	3	2	0	30	1	26	5	1	7	19	7	2	0	65	1	76	9	2	5	6	9	5	6	2	0	90	7	78
10	0	2	1	42	2	43	2	5	2	14	6	12	7	13	8	15	9	13	9	1	6	14	1	3	2	40	5	38	7	44	8	3	3	29	5	39	7	24	3	5	0	71	1	56	4	56	7	73	9	86	6	1	2	63	5	5	1	35	3	36	6	28	7	24	9	31	7	3	0	75	4	69	6	88	4	1	2	32
10	4	3	6	90	7	82	8	105	2	4	0	37	5	54	7	37	9	50	9	5	0	32	2	28	3	28	6	32	8	31	7	1	8	81	5	5	2	5	5	7	6	8	7	7	8	7	6	4	2	21	6	25	7	18	8	24	0	2	5	48	7	38	3	5	1	97	2	74	4	86	5	102	9	98	8	4	3	20	4	20	6	21	7	20	1	1	2	36
10	3	3	2	92	3	89	9	81	4	4	1	27	2	23	5	23	7	23	2	3	1	104	3	100	9	88	6	1	4	74	9	5	2	9	4	16	6	13	7	11	8	13	1	1	3	52	7	4	1	41	4	55	7	37	8	56	8	3	2	63	3	57	6	66	0	1	8	48	5	3	0	15	2	22	7	23
10	5	3	4	68	6	74	8	106	6	4	0	76	1	55	3	70	6	55	4	3	0	14	2	12	5	17	0	5	4	33	5	44	6	47	7	44	9	39	1	2	1	90	6	85	7	5	0	50	3	69	4	67	6	44	9	46	2	4	2	55	4	61	8	63	9	43	3	3	0	81	5	94	8	99	9	5	3	58	4	49	5	47	6	38	8	50	8	4	2	79	5	78	7	85	9	88
10	1	4	4	87	6	62	7	65	8	73	5	4	0	61	1	57	2	55	6	77	4	1	7	67	6	3	0	38	4	52	7	57	3	2	0	82	1	76	0	1	6	91	8	4	1	31	3	32	7	27	8	31	9	2	1	51	2	41	7	5	1	26	5	28	7	24	8	21	9	28	2	2	4	45	8	30
10	1	4	5	10	6	13	8	11	9	11	0	2	2	57	8	58	6	3	0	103	3	96	5	87	9	5	0	41	2	43	7	37	8	29	9	41	2	5	1	20	4	21	5	14	6	13	7	15	4	1	1	79	5	2	1	78	5	83	3	2	1	7	9	8	8	5	1	99	2	94	3	116	8	71	9	117	7	5	2	74	3	69	5	72	7	79	8	66
10	3	2	6	99	9	92	2	3	3	102	5	99	8	78	7	3	5	50	6	38	7	32	1	3	4	48	5	61	8	75	8	4	0	28	3	32	6	31	7	40	0	3	1	73	8	63	9	56	6	2	6	86	9	78	5	1	7	41	9	4	0	80	4	80	6	84	7	77	4	5	1	72	2	66	3	72	4	71	6	65
10	2	3	1	65	2	72	5	55	3	3	3	44	8	49	9	33	5	3	1	57	4	51	5	56	4	2	0	28	8	24	0	1	6	69	7	4	0	43	4	54	6	60	7	47	8	2	3	52	6	55	9	4	3	109	5	97	7	79	8	113	1	5	1	72	2	109	3	70	4	71	7	103	6	1	0	21
10	4	3	1	14	4	16	9	9	7	2	0	6	8	7	1	3	3	88	4	80	5	84	8	3	1	44	6	63	8	53	0	4	3	67	4	74	7	57	9	74	3	3	1	68	2	87	5	78	2	3	0	76	1	55	6	72	5	4	3	40	4	34	5	40	7	39	9	1	0	117	6	4	3	8	5	8	6	11	7	10
10	9	2	0	97	2	100	6	3	2	68	7	57	8	66	4	1	4	10	3	5	1	40	4	46	5	37	6	36	9	48	1	3	1	94	7	92	8	99	0	4	0	30	1	29	3	39	7	29	8	4	0	14	1	20	5	23	7	16	2	1	1	15	7	1	3	63	5	2	2	88	3	94
10	1	2	0	41	9	31	2	2	4	41	6	45	7	1	9	94	5	2	7	79	8	86	8	1	5	72	4	1	4	67	3	5	0	16	1	15	4	14	6	13	8	19	6	5	0	63	2	49	3	64	5	67	8	57	9	3	2	54	5	44	9	43	0	3	0	82	4	77	9	97
10	6	3	0	28	2	28	8	30	1	1	7	25	3	3	0	72	4	104	5	83	0	4	0	21	3	13	4	15	7	21	2	4	1	58	4	47	5	60	8	60	8	5	0	16	1	9	4	13	8	10	9	14	4	4	3	61	6	95	8	63	9	84	7	1	9	50	9	2	1	52	5	39	5	2	1	60	9	70
10	7	4	3	82	4	71	6	76	9	104	5	2	1	104	6	82	8	1	4	65	2	1	8	46	4	5	3	58	4	60	5	68	6	51	8	52	6	3	1	83	5	70	6	72	3	1	0	39	1	2	3	65	6	76	9	5	1	31	5	30	7	39	8	30	9	31	0	5	0	20	2	14	5	20	7	15	8	16
10	6	4	0	73	1	85	4	78	6	84	1	4	3	34	4	42	7	47	9	39	4	3	4	31	5	29	9	35	5	3	2	50	4	79	7	79	2	5	0	77	1	96	2	61	6	84	9	73	3	2	5	62	6	87	7	3	0	7	1	4	9	7	8	5	2	55	3	42	4	42	6	56	8	49	9	5	0	58	1	47	3	38	5	44	7	44	0	1	2	63
10	0	3	3	46	7	58	9	56	5	1	0	32	8	4	2	21	3	24	4	26	5	18	9	1	3	76	3	5	4	48	5	40	6	37	8	41	9	44	6	4	0	77	2	74	4	110	6	101	4	2	6	96	7	89	7	4	1	41	3	48	4	63	8	61	2	1	6	24	1	1	1	28
10	5	5	0	102	1	61	5	87	6	66	8	94	2	1	6	86	3	5	1	93	2	105	6	92	7	71	9	74	6	2	3	108	7	86	4	2	4	100	6	83	7	4	4	29	6	43	7	43	8	34	8	3	1	85	2	74	9	87	9	5	3	46	4	32	5	46	8	38	9	35	1	5	0	25	3	15	5	20	7	20	9	21	0	5	2	26	3	19	4	25	5	24	9	19
10	9	4	2	72	7	79	8	83	9	93	4	4	2	6	3	7	4	7	9	7	6	2	2	37	9	38	7	2	2	68	9	64	0	1	0	74	2	3	3	38	7	45	9	36	8	1	2	45	5	3	1	23	3	30	6	25	3	2	3	64	5	55	1	2	0	65	3	65
