10	10	10
10	2	2	5	37	9	35	3	1	2	6	5	5	0	63	1	72	2	61	3	70	7	70	4	5	0	99	2	106	4	100	8	82	9	90	0	4	1	10	5	7	7	11	8	6	7	5	1	68	2	82	3	72	4	73	9	74	8	1	8	85	9	4	3	107	5	111	7	108	9	110	1	4	1	61	3	48	7	58	9	57	6	5	1	82	2	70	4	99	5	98	8	69
10	4	4	0	16	5	15	6	13	7	18	7	5	1	37	2	32	7	33	8	38	9	26	1	2	0	79	4	94	8	5	0	45	2	70	3	64	5	42	9	45	0	1	7	73	3	5	0	70	1	101	5	69	7	103	9	73	2	4	1	76	2	95	3	66	7	68	5	2	0	30	1	47	9	1	2	91	6	3	1	18	5	25	7	25
10	9	2	3	96	7	79	6	4	0	25	2	27	6	16	8	18	4	3	2	8	4	8	7	11	3	5	1	60	3	74	4	71	6	70	7	77	1	2	4	54	6	54	0	2	4	35	6	45	8	4	1	32	2	35	6	42	7	39	2	1	5	39	7	5	0	62	1	89	4	91	7	89	9	64	5	2	3	75	9	60
10	1	4	1	101	2	78	6	71	7	72	2	2	7	14	9	19	7	5	0	75	1	76	4	77	8	53	9	57	5	4	0	71	4	89	5	71	8	84	8	2	0	46	1	40	4	4	1	12	4	13	7	9	8	13	3	5	1	6	5	7	6	7	7	5	9	5	6	1	3	78	9	5	0	32	1	27	5	33	8	38	9	35	0	4	0	44	4	56	6	54	8	45
10	6	3	0	76	2	88	5	79	1	1	0	99	3	2	3	75	9	75	0	2	4	72	6	66	2	4	3	106	5	77	7	73	9	84	8	2	0	14	9	17	4	1	4	13	7	3	1	81	4	70	8	66	9	3	0	24	1	25	8	25	5	1	2	57
10	7	1	1	71	5	3	1	89	3	99	6	100	8	2	2	68	5	78	2	1	9	22	4	2	4	55	5	71	6	3	2	93	3	83	4	102	3	4	2	63	4	53	8	59	9	53	1	2	2	51	8	67	9	3	0	5	5	6	7	7	0	4	0	48	2	50	7	46	8	52
10	6	2	0	86	5	72	1	4	0	51	1	67	4	70	6	53	4	3	0	29	3	31	8	19	5	4	0	5	2	6	6	4	7	7	2	1	6	75	3	4	0	26	5	32	6	32	8	29	7	2	7	42	9	65	8	2	2	56	6	49	9	3	4	35	6	35	8	40	0	1	4	118
10	0	3	3	41	7	28	8	33	5	3	0	18	8	14	9	16	8	3	6	39	8	48	9	47	9	5	0	59	3	92	5	69	7	74	8	84	3	5	3	61	4	70	5	66	6	78	8	79	6	2	1	86	5	105	4	3	1	24	4	32	7	36	7	2	7	67	8	79	2	1	3	38	1	4	3	10	4	6	6	7	8	6
10	5	1	3	83	2	3	1	75	2	61	4	92	3	2	3	15	7	11	6	2	2	66	7	88	4	3	2	59	7	61	8	44	7	2	7	16	8	10	8	2	0	36	6	31	9	3	1	44	6	39	7	36	1	2	1	79	4	89	0	1	3	82
10	9	3	3	100	6	95	7	95	4	3	4	49	6	52	8	41	6	2	3	65	6	65	7	5	0	39	1	25	2	38	7	34	9	38	0	4	1	50	2	57	3	45	8	65	2	1	8	6	8	4	1	61	2	40	3	43	4	58	5	5	0	100	3	90	4	63	6	73	9	69	3	1	6	4	1	5	0	22	2	21	7	31	8	21	9	25
