20	10	10
10	8	1	4	14	2	4	1	33	4	43	5	43	9	41	7	5	3	42	4	40	5	47	7	36	9	35	0	2	1	81	7	73	5	4	3	74	4	113	6	117	9	119	3	2	3	14	4	15	4	3	4	75	5	63	6	65	6	3	6	70	7	55	9	75	9	2	1	10	7	11	1	2	3	29	8	36
10	0	1	1	47	2	3	0	63	3	103	4	67	3	3	0	83	5	71	6	81	5	2	0	28	8	37	4	2	2	43	5	70	9	2	1	86	5	74	8	3	0	77	1	88	2	86	6	1	2	98	7	3	0	60	3	59	6	62	1	5	0	77	1	61	6	85	7	78	8	69
10	3	5	2	36	5	41	7	38	8	50	9	37	7	4	1	6	2	8	3	5	9	5	9	1	2	6	0	3	1	32	5	49	7	47	2	1	8	16	4	1	0	10	5	3	1	64	8	53	9	55	1	3	0	80	6	86	9	94	8	5	2	81	3	81	7	55	8	58	9	68	6	3	0	51	3	36	7	48
10	2	2	1	46	2	52	3	3	2	55	3	55	9	57	4	1	6	68	6	4	1	30	2	33	5	33	7	45	1	5	0	9	3	7	4	9	5	7	7	10	9	3	0	83	1	76	9	71	8	2	2	38	9	50	0	1	5	117	5	2	2	21	7	18	7	1	7	91
10	7	1	8	20	8	3	4	40	7	40	8	41	4	1	0	29	6	3	5	61	6	42	7	43	0	5	2	6	4	8	7	6	8	6	9	8	5	2	0	3	3	6	2	2	2	64	6	78	9	5	0	46	1	37	3	42	4	31	5	33	3	4	2	84	5	65	7	70	8	77	1	5	2	56	4	52	7	37	8	41	9	54
10	8	1	9	7	6	1	7	37	7	1	8	33	4	4	0	24	1	31	5	26	9	22	5	5	0	86	1	57	4	66	5	60	8	86	3	3	1	102	2	82	8	81	0	5	1	70	2	68	3	62	5	84	8	85	2	2	2	69	9	60	9	2	4	47	8	49	1	5	0	45	1	63	3	48	6	62	7	60
10	1	2	3	8	6	7	5	3	5	23	6	22	7	26	8	5	0	61	1	51	3	45	6	48	9	55	6	4	0	14	1	16	4	20	7	20	4	4	0	79	6	108	7	78	8	88	0	2	0	76	4	111	3	2	1	72	2	74	2	2	5	64	7	62	7	1	3	88	9	5	2	35	4	23	7	36	8	25	9	34
10	2	2	3	62	6	51	6	3	0	60	3	46	5	54	7	4	0	80	1	98	4	70	6	95	1	2	6	33	9	28	4	3	2	34	4	37	9	23	8	4	1	42	4	50	6	39	9	54	0	3	1	76	2	61	4	51	3	3	0	75	2	64	4	86	9	2	1	70	7	58	5	4	0	24	1	36	8	35	9	25
10	6	1	7	55	2	2	3	34	6	47	5	1	0	62	8	1	5	99	1	3	0	26	6	22	8	32	7	2	4	90	7	94	9	4	0	101	1	101	4	84	9	76	4	2	2	8	4	12	3	4	2	16	4	18	5	12	7	18	0	4	2	74	3	70	4	47	7	63
10	4	2	5	56	6	47	7	3	1	38	7	28	9	30	8	2	1	38	2	29	1	5	2	50	3	38	4	57	5	44	9	55	3	5	1	22	3	16	4	17	5	25	6	17	2	2	3	21	4	32	6	4	1	51	4	42	6	56	7	51	9	5	2	37	3	33	4	28	5	41	8	39	5	4	3	8	4	9	6	12	7	11	0	1	6	30
10	2	5	1	73	5	61	6	57	8	58	9	79	4	2	2	7	3	9	9	4	0	54	4	85	6	53	9	79	5	1	6	21	0	1	2	88	1	4	1	89	2	97	4	89	9	65	8	2	6	25	9	16	6	3	6	57	8	39	9	38	7	2	6	81	8	79	3	1	6	27
10	0	2	0	13	4	16	5	4	3	5	4	5	5	6	8	5	1	4	0	69	2	104	5	88	8	91	3	1	9	34	2	4	0	13	2	21	6	18	7	12	4	3	0	61	8	60	9	79	6	3	1	45	2	57	6	66	8	1	8	71	9	1	4	12	7	4	0	58	5	38	6	36	9	42
10	6	2	3	78	5	79	4	1	8	36	8	1	1	40	7	2	3	12	7	9	2	1	1	13	3	5	1	33	2	39	5	26	8	34	9	30	5	5	0	66	2	49	3	74	4	63	5	62	0	5	1	15	2	16	3	17	5	20	8	20	1	2	0	34	5	32	9	2	1	14	2	12
10	5	2	4	34	9	32	3	4	0	114	3	78	5	105	7	118	6	2	4	33	7	29	4	4	1	87	2	78	3	85	4	113	8	2	0	98	4	102	2	3	2	103	6	87	8	95	9	2	6	84	7	111	7	3	5	48	8	58	9	56	1	2	6	94	9	85	0	1	3	10
10	3	1	4	113	5	3	0	42	3	48	5	45	2	3	4	57	8	80	9	61	8	3	3	20	6	27	8	32	7	2	2	8	9	7	6	2	1	25	8	25	1	5	0	40	1	40	2	34	7	28	9	42	9	2	4	52	9	70	4	2	1	95	7	95	0	2	0	42	5	54
10	2	4	1	78	6	80	8	61	9	53	7	4	0	92	3	88	8	90	9	83	3	4	0	24	2	21	6	26	9	21	0	4	1	77	4	80	5	79	7	91	4	3	2	20	4	19	6	15	1	1	6	44	8	4	4	53	5	38	6	39	8	36	9	5	2	69	3	79	4	59	6	74	9	70	5	2	0	92	1	100	6	2	3	30	4	37
10	9	1	0	67	3	5	0	68	1	58	4	60	7	55	9	70	6	5	1	49	5	47	6	42	7	50	9	35	4	1	8	34	7	4	0	21	7	21	8	19	9	24	5	2	5	40	8	35	0	4	0	47	4	39	6	60	9	40	8	3	4	39	6	65	7	45	1	2	1	20	9	30	2	1	7	18
10	3	3	3	54	5	57	7	65	2	1	0	26	6	4	0	23	3	24	7	18	8	19	8	4	1	66	2	84	7	77	9	57	1	5	0	36	3	50	4	44	6	34	8	36	7	2	1	48	5	47	0	4	0	32	1	30	3	28	9	39	5	5	0	93	1	72	2	72	4	87	9	98	9	4	1	6	4	6	7	3	9	6	4	3	0	82	4	72	8	93
10	4	5	1	53	2	43	4	48	6	47	9	53	5	4	2	71	4	56	6	70	9	68	9	1	9	89	3	2	0	61	8	42	7	4	0	47	5	46	6	60	7	56	1	5	1	28	2	28	5	20	8	29	9	31	0	4	0	27	1	26	2	33	5	32	8	5	1	78	3	68	4	79	5	89	9	61	2	4	2	13	5	17	8	11	9	11	6	1	9	96
10	5	2	2	56	4	51	2	5	1	94	3	116	5	74	7	89	8	82	0	1	9	4	7	5	0	69	3	79	4	93	7	97	9	93	8	1	8	41	4	3	0	61	5	72	7	69	3	2	4	24	5	30	6	2	0	10	5	7	9	1	3	19	1	1	5	11
